0.00000000 0.01584616
0.00300875 0.35467579
0.00601751 0.70876446
0.00902626 1.06285920
0.01203502 1.41681558
0.01504377 1.77055993
0.01805252 2.12403034
0.02106128 2.47716825
0.02407003 2.82991637
0.02707879 3.18221791
0.03008754 3.53401635
0.03309629 3.88525530
0.03610505 4.23587844
0.03911380 4.58582945
0.04212255 4.93505207
0.04513131 5.28349001
0.04814006 5.63108703
0.05114882 5.97778687
0.05415757 6.32353331
0.05716632 6.66827013
0.06017508 7.01194120
0.06318383 7.35449037
0.06619259 7.69586162
0.06920134 8.03599895
0.07221009 8.37484648
0.07521885 8.71234842
0.07822760 9.04844910
0.08123636 9.38309298
0.08424511 9.71622464
0.08725386 10.04778885
0.09026262 10.37773051
0.09327137 10.70599471
0.09628012 11.03252668
0.09928888 11.35727187
0.10229763 11.68017586
0.10530639 12.00118442
0.10831514 12.32024347
0.11132389 12.63729906
0.11433265 12.95229735
0.11734140 13.26518458
0.12035016 13.57590705
0.12335891 13.88441101
0.12636766 14.19064269
0.12937642 14.49454814
0.13238517 14.79607323
0.13539393 15.09516348
0.13840268 15.39176401
0.14141143 15.68581935
0.14442019 15.97727336
0.14742894 16.26606903
0.15043769 16.55214827
0.15344645 16.83545176
0.15645520 17.11591865
0.15946396 17.39348633
0.16247271 17.66809012
0.16548146 17.93966295
0.16849022 18.20813498
0.17149897 18.47343321
0.17450773 18.73548099
0.17751648 18.99419756
0.18052523 19.24949750
0.18353399 19.50129009
0.18654274 19.74947867
0.18955150 19.99395993
0.19256025 20.23462307
0.19556900 20.47134896
0.19857776 20.70400923
0.20158651 20.93246522
0.20459527 21.15656689
0.20760402 21.37615173
0.21061277 21.59104345
0.21362153 21.80105082
0.21663028 22.00596624
0.21963903 22.20556454
0.22264779 22.39960157
0.22565654 22.58781305
0.22866530 22.76991342
0.23167405 22.94559490
0.23468280 23.11452693
0.23769156 23.27635590
0.24070031 23.43070546
0.24370907 23.57717756
0.24671782 23.71535428
0.24972657 23.84480068
0.25273533 23.96506887
0.25574408 24.07570329
0.25875284 24.17624747
0.26176159 24.26625205
0.26477034 24.34528407
0.26777910 24.41293726
0.27078785 24.46884288
0.27379660 24.51268059
0.27680536 24.54418874
0.27981411 24.56317332
0.28282287 24.56951494

0.28282287 24.56951494
0.28585296 24.56804627
0.28888305 24.56363983
0.29191314 24.55629432
0.29494323 24.54600759
0.29797332 24.53277663
0.30100341 24.51659761
0.30403350 24.49746587
0.30706359 24.47537596
0.31009368 24.45032166
0.31312377 24.42229603
0.31615386 24.39129140
0.31918395 24.35729943
0.32221404 24.32031116
0.32524413 24.28031705
0.32827422 24.23730699
0.33130431 24.19127040
0.33433440 24.14219624
0.33736449 24.09007310
0.34039458 24.03488923
0.34342467 23.97663260
0.34645476 23.91529095
0.34948486 23.85085190
0.35251495 23.78330295
0.35554504 23.71263158
0.35857513 23.63882531
0.36160522 23.56187177
0.36463531 23.48175873
0.36766540 23.39847423
0.37069549 23.31200660
0.37372558 23.22234451
0.37675567 23.12947710
0.37978576 23.03339399
0.38281585 22.93408537

0.38281585 22.93408537
0.38581564 22.83258352
0.38881543 22.72790309
0.39181522 22.62003654
0.39481501 22.50897711
0.39781480 22.39471888
0.40081459 22.27725680
0.40381438 22.15658675
0.40681417 22.03270559
0.40981396 21.90561122
0.41281374 21.77530260
0.41581353 21.64177979
0.41881332 21.50504404
0.42181311 21.36509773
0.42481290 21.22194450
0.42781269 21.07558924
0.43081248 20.92603809
0.43381227 20.77329851
0.43681206 20.61737929
0.43981185 20.45829053
0.44281164 20.29604371
0.44581143 20.13065168
0.44881122 19.96212865
0.45181101 19.79049021
0.45481080 19.61575335
0.45781059 19.43793643
0.46081038 19.25705921
0.46381017 19.07314278
0.46680996 18.88620963
0.46980975 18.69628360
0.47280953 18.50338983
0.47580932 18.30755482
0.47880911 18.10880633
0.48180890 17.90717341
0.48480869 17.70268635
0.48780848 17.49537665
0.49080827 17.28527700
0.49380806 17.07242124
0.49680785 16.85684434
0.49980764 16.63858232
0.50280743 16.41767226
0.50580722 16.19415225
0.50880701 15.96806130
0.51180680 15.73943937
0.51480659 15.50832726
0.51780638 15.27476662
0.52080617 15.03879985
0.52380596 14.80047007
0.52680575 14.55982111
0.52980554 14.31689740
0.53280532 14.07174395
0.53580511 13.82440632
0.53880490 13.57493052
0.54180469 13.32336301
0.54480448 13.06975062
0.54780427 12.81414052
0.55080406 12.55658013
0.55380385 12.29711715
0.55680364 12.03579943
0.55980343 11.77267497
0.56280322 11.50779187
0.56580301 11.24119829
0.56880280 10.97294238
0.57180259 10.70307227
0.57480238 10.43163602
0.57780217 10.15868157
0.58080196 9.88425672
0.58380175 9.60840912
0.58680154 9.33118617
0.58980133 9.05263505
0.59280111 8.77280268
0.59580090 8.49173568
0.59880069 8.20948035
0.60180048 7.92608268
0.60480027 7.64158827
0.60780006 7.35604240
0.61079985 7.06948992
0.61379964 6.78197532
0.61679943 6.49354269
0.61979922 6.20423569
0.62279901 5.91409761
0.62579880 5.62317129
0.62879859 5.33149920
0.63179838 5.03912339
0.63479817 4.74608552
0.63779796 4.45242687
0.64079775 4.15818834
0.64379754 3.86341050
0.64679733 3.56813355
0.64979712 3.27239742
0.65279690 2.97624174
0.65579669 2.67970592
0.65879648 2.38282919
0.66179627 2.08565072
0.66479606 1.78820978
0.66779585 1.49054612
0.67079564 1.19270079
0.67379543 0.89471874
0.67679522 0.59665877
0.67979501 0.29866363
0.68279480 0.01584616

0.68279480 0.01584616
0.68581865 0.32057115
0.68884250 0.64043117
0.69186635 0.96017493
0.69489020 1.27958145
0.69791405 1.59850825
0.70093790 1.91682631
0.70396174 2.23441080
0.70698559 2.55113884
0.71000944 2.86688881
0.71303329 3.18154012
0.71605714 3.49497319
0.71908099 3.80706938
0.72210484 4.11771110
0.72512869 4.42678183
0.72815254 4.73416619
0.73117639 5.03974997
0.73420024 5.34342023
0.73722409 5.64506531
0.74024793 5.94457490
0.74327178 6.24184009
0.74629563 6.53675339
0.74931948 6.82920878
0.75234333 7.11910173
0.75536718 7.40632923
0.75839103 7.69078980
0.76141488 7.97238352
0.76443873 8.25101199
0.76746258 8.52657837
0.77048643 8.79898737
0.77351028 9.06814518
0.77653413 9.33395954
0.77955797 9.59633961
0.78258182 9.85519601
0.78560567 10.11044076
0.78862952 10.36198722
0.79165337 10.60975003
0.79467722 10.85364510
0.79770107 11.09358950
0.80072492 11.32950141
0.80374877 11.56130007
0.80677262 11.78890568
0.80979647 12.01223937
0.81282032 12.23122308
0.81584417 12.44577953
0.81886801 12.65583210
0.82189186 12.86130482
0.82491571 13.06212229
0.82793956 13.25820959
0.83096341 13.44949227
0.83398726 13.63589627
0.83701111 13.81734792
0.84003496 13.99377390
0.84305881 14.16510123
0.84608266 14.33125729
0.84910651 14.49216980
0.85213036 14.64776690
0.85515421 14.79797716
0.85817805 14.94272969
0.86120190 15.08195420
0.86422575 15.21558111
0.86724960 15.34354170
0.87027345 15.46576822
0.87329730 15.58219410
0.87632115 15.69275410
0.87934500 15.79738451
0.88236885 15.89602341
0.88539270 15.98861083
0.88841655 16.07508906
0.89144040 16.15540288
0.89446425 16.22949977
0.89748809 16.29733023
0.90051194 16.35884803
0.90353579 16.41401042
0.90655964 16.46277840
0.90958349 16.50511697
0.91260734 16.54099531
0.91563119 16.57038700
0.91865504 16.59327016
0.92167889 16.60962763
0.92470274 16.61944708
0.92772659 16.62272106

0.92772659 16.62272106
0.93075668 16.62668172
0.93378677 16.63855639
0.93681686 16.65832308
0.93984695 16.68594537
0.94287704 16.72137262
0.94590713 16.76454034
0.94893722 16.81537067
0.95196731 16.87377288
0.95499740 16.93964400
0.95802749 17.01286952
0.96105758 17.09332409
0.96408767 17.18087231
0.96711776 17.27536958
0.97014785 17.37666289
0.97317794 17.48459169
0.97620803 17.59898874
0.97923812 17.71968097
0.98226821 17.84649026
0.98529830 17.97923433
0.98832839 18.11772742
0.99135849 18.26178111
0.99438858 18.41120498
0.99741867 18.56580728
1.00044876 18.72539553
1.00347885 18.88977711
1.00650894 19.05875974
1.00953903 19.23215199
1.01256912 19.40976364
1.01559921 19.59140610
1.01862930 19.77689269
1.02165939 19.96603893
1.02468948 20.15866277
1.02771957 20.35458477
1.03074966 20.55362821
1.03377975 20.75561924
1.03680984 20.96038691
1.03983993 21.16776319
1.04287002 21.37758296
1.04590011 21.58968394
1.04893020 21.80390660
1.05196029 22.02009405
1.05499038 22.23809180
1.05802047 22.45774760
1.06105056 22.67891113
1.06408065 22.90143368
1.06711075 23.12516776
1.07014084 23.34996662
1.07317093 23.57568372
1.07620102 23.80217206
1.07923111 24.02928336
1.08226120 24.25686716
1.08529129 24.48476963
1.08832138 24.71283218
1.09135147 24.94088971
1.09438156 25.16876848
1.09741165 25.39628341
1.10044174 25.62323463
1.10347183 25.84940308
1.10650192 26.07454488
1.10953201 26.29838383
1.11256210 26.52060157
1.11559219 26.74082443
1.11862228 26.95860560
1.12165237 27.17340086
1.12468246 27.38453521
1.12771255 27.59115689

1.12771255 27.59115689
1.13072131 27.58601257
1.13373006 27.57066888
1.13673882 27.54538721
1.13974757 27.51058298
1.14275632 27.46679889
1.14576508 27.41467342
1.14877383 27.35490876
1.15178258 27.28824136
1.15479134 27.21541715
1.15780009 27.13717232
1.16080885 27.05421965
1.16381760 26.96723970
1.16682635 26.87687590
1.16983511 26.78373267
1.17284386 26.68837555
1.17585262 26.59133278
1.17886137 26.49309761
1.18187012 26.39413102
1.18487888 26.29486456
1.18788763 26.19570308
1.19089639 26.09702735
1.19390514 25.99919634
1.19691389 25.90254928
1.19992265 25.80740742
1.20293140 25.71407555
1.20594015 25.62284319
1.20894891 25.53398566
1.21195766 25.44776484
1.21496642 25.36442981
1.21797517 25.28421728
1.22098392 25.20735192
1.22399268 25.13404654
1.22700143 25.06450221
1.23001019 24.99890821
1.23301894 24.93744201
1.23602769 24.88026912
1.23903645 24.82754295
1.24204520 24.77940457
1.24505396 24.73598256
1.24806271 24.69739272
1.25107146 24.66373787
1.25408022 24.63510764
1.25708897 24.61157826
1.26009772 24.59321236
1.26310648 24.58005882
1.26611523 24.57215267
1.26912399 24.56951494



0.00000000 0.01584616
0.00300875 0.35467579
0.00601751 0.70876446
0.00902626 1.06285920
0.01203502 1.41681558
0.01504377 1.77055993
0.01805252 2.12403034
0.02106128 2.47716825
0.02407003 2.82991637
0.02707879 3.18221791
0.03008754 3.53401635
0.03309629 3.88525530
0.03610505 4.23587844
0.03911380 4.58582945
0.04212255 4.93505207
0.04513131 5.28349001
0.04814006 5.63108703
0.05114882 5.97778687
0.05415757 6.32353331
0.05716632 6.66827013
0.06017508 7.01194120
0.06318383 7.35449037
0.06619259 7.69586162
0.06920134 8.03599895
0.07221009 8.37484648
0.07521885 8.71234842
0.07822760 9.04844910
0.08123636 9.38309298
0.08424511 9.71622464
0.08725386 10.04778885
0.09026262 10.37773051
0.09327137 10.70599471
0.09628012 11.03252668
0.09928888 11.35727187
0.10229763 11.68017586
0.10530639 12.00118442
0.10831514 12.32024347
0.11132389 12.63729906
0.11433265 12.95229735
0.11734140 13.26518458
0.12035016 13.57590705
0.12335891 13.88441101
0.12636766 14.19064269
0.12937642 14.49454814
0.13238517 14.79607323
0.13539393 15.09516348
0.13840268 15.39176401
0.14141143 15.68581935
0.14442019 15.97727336
0.14742894 16.26606903
0.15043769 16.55214827
0.15344645 16.83545176
0.15645520 17.11591865
0.15946396 17.39348633
0.16247271 17.66809012
0.16548146 17.93966295
0.16849022 18.20813499
0.17149897 18.47343321
0.17450773 18.73548099
0.17751648 18.99419756
0.18052523 19.24949750
0.18353399 19.50129009
0.18654274 19.74947867
0.18955150 19.99395993
0.19256025 20.23462307
0.19556900 20.47134896
0.19857776 20.70400923
0.20158651 20.93246522
0.20459527 21.15656689
0.20760402 21.37615173
0.21061277 21.59104345
0.21362153 21.80105082
0.21663028 22.00596624
0.21963903 22.20556454
0.22264779 22.39960157
0.22565654 22.58781305
0.22866530 22.76991342
0.23167405 22.94559490
0.23468280 23.11452693
0.23769156 23.27635590
0.24070031 23.43070546
0.24370907 23.57717756
0.24671782 23.71535428
0.24972657 23.84480068
0.25273533 23.96506887
0.25574408 24.07570329
0.25875284 24.17624747
0.26176159 24.26625205
0.26477034 24.34528407
0.26777910 24.41293726
0.27078785 24.46884288
0.27379660 24.51268059
0.27680536 24.54418874
0.27981411 24.56317332
0.28282287 24.56951494

0.28282287 24.56951494
0.28585296 24.57633335
0.28888305 24.59676519
0.29191314 24.63074054
0.29494323 24.67814364
0.29797332 24.73881393
0.30100341 24.81254761
0.30403350 24.89909950
0.30706359 24.99818524
0.31009368 25.10948382
0.31312377 25.23264028
0.31615386 25.36726864
0.31918395 25.51295499
0.32221404 25.66926057
0.32524413 25.83572502
0.32827422 26.01186945
0.33130431 26.19719965
0.33433440 26.39120905
0.33736449 26.59338167
0.34039458 26.80319486
0.34342467 27.02012192
0.34645476 27.24363458
0.34948486 27.47320516
0.35251495 27.70830873
0.35554504 27.94842492
0.35857513 28.19303962
0.36160522 28.44164647
0.36463531 28.69374816
0.36766540 28.94885760
0.37069549 29.20649878
0.37372558 29.46620756
0.37675567 29.72753214
0.37978576 29.99003321
0.38281585 30.25328336

0.38281585 30.25328336
0.38581564 30.51422894
0.38881543 30.73808696
0.39181522 30.64720528
0.39481501 30.55604018
0.39781480 30.46455563
0.40081459 30.37270380
0.40381438 30.28042497
0.40681417 30.18764759
0.40981396 30.09428821
0.41281374 30.00025150
0.41581353 29.90543023
0.41881332 29.80970537
0.42181311 29.60855048
0.42481290 29.33025413
0.42781269 29.04840434
0.43081248 28.76311304
0.43381227 28.47449051
0.43681206 28.18264548
0.43981185 27.88768508
0.44281164 27.58971485
0.44581143 27.28883867
0.44881122 26.98515868
0.45181101 26.67877528
0.45481080 26.36978699
0.45781059 26.05829050
0.46081038 25.74438051
0.46381017 25.42814979
0.46680996 25.10968907
0.46980975 24.78908706
0.47280953 24.46643041
0.47580932 24.14180368
0.47880911 23.81528936
0.48180890 23.48696785
0.48480869 23.15691744
0.48780848 22.82521439
0.49080827 22.49193285
0.49380806 22.15714496
0.49680785 21.82092082
0.49980764 21.48332855
0.50280743 21.14443429
0.50580722 20.80430228
0.50880701 20.46299485
0.51180680 20.12057248
0.51480659 19.77709385
0.51780638 19.43261586
0.52080617 19.08719370
0.52380596 18.74088087
0.52680575 18.39372924
0.52980554 18.04578907
0.53280532 17.69710909
0.53580511 17.34773649
0.53880490 16.99771702
0.54180469 16.64709495
0.54480448 16.29591317
0.54780427 15.94421320
0.55080406 15.59203519
0.55380385 15.23941797
0.55680364 14.88639907
0.55980343 14.53301473
0.56280322 14.17929992
0.56580301 13.82528833
0.56880280 13.47101241
0.57180259 13.11650333
0.57480238 12.76179102
0.57780217 12.40690413
0.58080196 12.05187006
0.58380175 11.69671490
0.58680154 11.34146348
0.58980133 10.98613931
0.59280111 10.63076458
0.59580090 10.27536015
0.59880069 9.91994552
0.60180048 9.56453883
0.60480027 9.20915683
0.60780006 8.85381489
0.61079985 8.49852695
0.61379964 8.14330554
0.61679943 7.78816177
0.61979922 7.43310533
0.62279901 7.07814447
0.62579880 6.72328603
0.62879859 6.36853542
0.63179838 6.01389669
0.63479817 5.65937249
0.63779796 5.30496415
0.64079775 4.95067169
0.64379754 4.59649385
0.64679733 4.24242819
0.64979712 3.88847110
0.65279690 3.53461791
0.65579669 3.18086293
0.65879648 2.82719961
0.66179627 2.47362065
0.66479606 2.12011824
0.66779585 1.76668437
0.67079564 1.41331172
0.67379543 1.05999578
0.67679522 0.70674348
0.67979501 0.35363237
0.68279480 0.01584616

0.68279480 0.01584616
0.68581865 0.32057115
0.68884250 0.64043117
0.69186635 0.96017493
0.69489020 1.27958145
0.69791405 1.59850825
0.70093790 1.91682631
0.70396174 2.23441080
0.70698559 2.55113884
0.71000944 2.86688881
0.71303329 3.18154012
0.71605714 3.49497319
0.71908099 3.80706938
0.72210484 4.11771110
0.72512869 4.42678183
0.72815254 4.73416619
0.73117639 5.03974997
0.73420024 5.34342023
0.73722409 5.64506531
0.74024793 5.94457490
0.74327178 6.24184009
0.74629563 6.53675339
0.74931948 6.82920878
0.75234333 7.11910173
0.75536718 7.40632923
0.75839103 7.69078980
0.76141488 7.97238352
0.76443873 8.25101199
0.76746258 8.52657837
0.77048643 8.79898737
0.77351028 9.06814518
0.77653413 9.33395954
0.77955797 9.59633961
0.78258182 9.85519601
0.78560567 10.11044076
0.78862952 10.36198722
0.79165337 10.60975003
0.79467722 10.85364510
0.79770107 11.09358950
0.80072492 11.32950141
0.80374877 11.56130007
0.80677262 11.78890568
0.80979647 12.01223937
0.81282032 12.23122308
0.81584417 12.44577953
0.81886801 12.65583210
0.82189186 12.86130482
0.82491571 13.06212229
0.82793956 13.25820959
0.83096341 13.44949227
0.83398726 13.63589627
0.83701111 13.81734792
0.84003496 13.99377390
0.84305881 14.16510123
0.84608266 14.33125729
0.84910651 14.49216980
0.85213036 14.64776690
0.85515421 14.79797716
0.85817805 14.94272969
0.86120190 15.08195420
0.86422575 15.21558111
0.86724960 15.34354170
0.87027345 15.46576822
0.87329730 15.58219410
0.87632115 15.69275410
0.87934500 15.79738451
0.88236885 15.89602341
0.88539270 15.98861083
0.88841655 16.07508906
0.89144040 16.15540288
0.89446425 16.22949977
0.89748809 16.29733023
0.90051194 16.35884803
0.90353579 16.41401042
0.90655964 16.46277840
0.90958349 16.50511697
0.91260734 16.54099531
0.91563119 16.57038700
0.91865504 16.59327016
0.92167889 16.60962763
0.92470274 16.61944708
0.92772659 16.62272106

0.92772659 16.62272106
0.93075668 16.63258961
0.93378677 16.66214111
0.93681686 16.71121410
0.93984695 16.77954277
0.94287704 16.86676171
0.94590713 16.97241232
0.94893722 17.09595053
0.95196731 17.23675556
0.95499740 17.39413941
0.95802749 17.56735672
0.96105758 17.75561474
0.96408767 17.95808304
0.96711776 18.17390288
0.97014785 18.40219595
0.97317794 18.64207231
0.97620803 18.89263758
0.97923812 19.15299922
0.98226821 19.42227192
0.98529830 19.69958215
0.98832839 19.98407188
0.99135849 20.27490147
0.99438858 20.57125194
0.99741867 20.87232654
1.00044876 21.17735174
1.00347885 21.48557779
1.00650894 21.79627871
1.00953903 22.10875197
1.01256912 22.42231782
1.01559921 22.73631826
1.01862930 23.05011572
1.02165939 23.36309153
1.02468948 23.67464407
1.02771957 23.98418663
1.03074966 24.29114501
1.03377975 24.59495479
1.03680984 24.89505814
1.03983993 25.19090026
1.04287002 25.48192506
1.04590011 25.76757025
1.04893020 26.04726124
1.05196029 26.32040384
1.05499038 26.58637503
1.05802047 26.84451135
1.06105056 27.09409380
1.06408065 27.33432809
1.06711075 27.56431827
1.07014084 27.78303133
1.07317093 27.98924954
1.07620102 28.18150692
1.07923111 28.35800698
1.08226120 28.51652339
1.08529129 28.65429792
1.08832138 28.76797914
1.09135147 28.85369631
1.09438156 28.90741665
1.09741165 28.92570679
1.10044174 28.90678117
1.10347183 28.85132722
1.10650192 28.76251031
1.10953201 28.64510810
1.11256210 28.50435237
1.11559219 28.34506759
1.11862228 28.17127998
1.12165237 27.98616809
1.12468246 27.79217399
1.12771255 27.59115689

1.12771255 27.59115689
1.13072131 27.58601257
1.13373006 27.57066888
1.13673882 27.54538721
1.13974757 27.51058298
1.14275632 27.46679889
1.14576508 27.41467342
1.14877383 27.35490876
1.15178258 27.28824136
1.15479134 27.21541715
1.15780009 27.13717232
1.16080885 27.05421965
1.16381760 26.96723970
1.16682635 26.87687590
1.16983511 26.78373267
1.17284386 26.68837555
1.17585262 26.59133278
1.17886137 26.49309761
1.18187012 26.39413102
1.18487888 26.29486456
1.18788763 26.19570308
1.19089639 26.09702735
1.19390514 25.99919634
1.19691389 25.90254928
1.19992265 25.80740742
1.20293140 25.71407555
1.20594015 25.62284319
1.20894891 25.53398566
1.21195766 25.44776484
1.21496642 25.36442981
1.21797517 25.28421728
1.22098392 25.20735192
1.22399268 25.13404654
1.22700143 25.06450221
1.23001019 24.99890821
1.23301894 24.93744201
1.23602769 24.88026912
1.23903645 24.82754295
1.24204520 24.77940457
1.24505396 24.73598256
1.24806271 24.69739272
1.25107146 24.66373787
1.25408022 24.63510764
1.25708897 24.61157826
1.26009772 24.59321236
1.26310648 24.58005882
1.26611523 24.57215267
1.26912399 24.56951494



0.00000000 0.01584616
0.00300875 0.54237577
0.00601751 1.08427086
0.00902626 1.62597632
0.01203502 2.16730110
0.01504377 2.70810061
0.01805252 3.24823824
0.02106128 3.78757994
0.02407003 4.32599291
0.02707879 4.86334518
0.03008754 5.39950552
0.03309629 5.93434342
0.03610505 6.46772912
0.03911380 6.99953366
0.04212255 7.52962895
0.04513131 8.05788782
0.04814006 8.58418409
0.05114882 9.10839264
0.05415757 9.63038952
0.05716632 10.15005198
0.06017508 10.66725854
0.06318383 11.18188913
0.06619259 11.69382510
0.06920134 12.20294932
0.07221009 12.70914628
0.07521885 13.21230216
0.07822760 13.71230487
0.08123636 14.20904419
0.08424511 14.70241182
0.08725386 15.19230146
0.09026262 15.67860887
0.09327137 16.16123199
0.09628012 16.64007101
0.09928888 17.11502841
0.10229763 17.58600906
0.10530639 18.05292031
0.10831514 18.51567206
0.11132389 18.97417679
0.11433265 19.42834968
0.11734140 19.87810865
0.12035016 20.32337445
0.12335891 20.76407068
0.12636766 21.20012390
0.12937642 21.63146365
0.13238517 22.05802250
0.13539393 22.47973615
0.13840268 22.89654340
0.14141143 23.30838626
0.14442019 23.71520995
0.14742894 24.11696293
0.15043769 24.51359695
0.15344645 24.90506706
0.15645520 25.29133162
0.15946396 25.67235232
0.16247271 26.04809421
0.16548146 26.41852564
0.16849022 26.78361832
0.17149897 27.14334727
0.17450773 27.49769084
0.17751648 27.84663062
0.18052523 28.19015148
0.18353399 28.52824152
0.18654274 28.86089198
0.18955150 29.18809726
0.19256025 29.50985482
0.19556900 29.82616515
0.19857776 30.13703167
0.20158651 30.44246069
0.20459527 30.74246133
0.20760402 31.03704541
0.21061277 31.32622740
0.21362153 31.61002430
0.21663028 31.88845554
0.21963903 32.16154291
0.22264779 32.42931043
0.22565654 32.69178423
0.22866530 32.94899246
0.23167405 33.20096517
0.23468280 33.44773418
0.23769156 33.68933296
0.24070031 33.85133755
0.24370907 33.75685397
0.24671782 33.66668531
0.24972657 33.58129478
0.25273533 33.50115696
0.25574408 33.42675224
0.25875284 33.35856004
0.26176159 33.29705059
0.26477034 33.24267556
0.26777910 33.19585762
0.27078785 33.15697958
0.27379660 33.12637338
0.27680536 33.10430978
0.27981411 33.09098930
0.28282287 33.08653527

0.28282287 33.08653527
0.28585296 33.08327235
0.28888305 33.07351653
0.29191314 33.05736517
0.29494323 33.03497566
0.29797332 33.00655877
0.30100341 32.97237014
0.30403350 32.93270090
0.30706359 32.88786805
0.31009368 32.83820522
0.31312377 32.78405431
0.31615386 32.72575829
0.31918395 32.66365533
0.32221404 32.59807409
0.32524413 32.52933035
0.32827422 32.45772452
0.33130431 32.38354014
0.33433440 32.30704296
0.33736449 32.22848061
0.34039458 32.14808259
0.34342467 32.06606059
0.34645476 31.98260891
0.34948486 31.89790502
0.35251495 31.81211016
0.35554504 31.72536991
0.35857513 31.63781479
0.36160522 31.54956072
0.36463531 31.46070959
0.36766540 31.37134957
0.37069549 31.28155554
0.37372558 31.19138933
0.37675567 31.10089999
0.37978576 31.01012396
0.38281585 30.91908521

0.38281585 30.91908521
0.38581564 30.82870946
0.38881543 30.77509725
0.39181522 31.03546464
0.39481501 31.29474653
0.39781480 31.54922007
0.40081459 31.44597349
0.40381438 31.19692462
0.40681417 30.94260646
0.40981396 30.68387735
0.41281374 30.42096718
0.41581353 30.15402522
0.41881332 29.88317960
0.42181311 29.71294610
0.42481290 29.61500995
0.42781269 29.51574292
0.43081248 29.41497974
0.43381227 29.31254406
0.43681206 29.20824878
0.43981185 29.10189646
0.44281164 28.99327975
0.44581143 28.88218191
0.44881122 28.76837746
0.45181101 28.65163278
0.45481080 28.53170697
0.45781059 28.40835263
0.46081038 28.28131684
0.46381017 28.15034209
0.46680996 28.01516742
0.46980975 27.87552951
0.47280953 27.73116387
0.47580932 27.58180606
0.47880911 27.42719293
0.48180890 27.26706391
0.48480869 27.10116227
0.48780848 26.92923632
0.49080827 26.75104070
0.49380806 26.56633751
0.49680785 26.37489740
0.49980764 26.17650068
0.50280743 25.97093818
0.50580722 25.75801219
0.50880701 25.53753718
0.51180680 25.30934045
0.51480659 25.07326269
0.51780638 24.82915841
0.52080617 24.57689627
0.52380596 24.31635931
0.52680575 24.04744506
0.52980554 23.77006561
0.53280532 23.48414757
0.53580511 23.18963190
0.53880490 22.88647384
0.54180469 22.57464255
0.54480448 22.25412094
0.54780427 21.92490531
0.55080406 21.58700502
0.55380385 21.24044212
0.55680364 20.88525099
0.55980343 20.52147795
0.56280322 20.14918088
0.56580301 19.76842882
0.56880280 19.37930162
0.57180259 18.98188955
0.57480238 18.57629293
0.57780217 18.16262179
0.58080196 17.74099551
0.58380175 17.31154251
0.58680154 16.87439994
0.58980133 16.42971333
0.59280111 15.97763633
0.59580090 15.51833040
0.59880069 15.05196456
0.60180048 14.57871508
0.60480027 14.09876524
0.60780006 13.61230509
0.61079985 13.11953116
0.61379964 12.62064623
0.61679943 12.11585911
0.61979922 11.60538435
0.62279901 11.08944204
0.62579880 10.56825755
0.62879859 10.04206130
0.63179838 9.51108854
0.63479817 8.97557906
0.63779796 8.43577700
0.64079775 7.89193062
0.64379754 7.34429199
0.64679733 6.79311681
0.64979712 6.23866417
0.65279690 5.68119625
0.65579669 5.12097817
0.65879648 4.55827766
0.66179627 3.99336493
0.66479606 3.42651245
0.66779585 2.85799486
0.67079564 2.28808919
0.67379543 1.71707585
0.67679522 1.14524362
0.67979501 0.57292588
0.68279480 0.01584616

0.68279480 0.01584616
0.68581865 0.58795045
0.68884250 1.17538825
0.69186635 1.76251272
0.69489020 2.34907849
0.69791405 2.93488322
0.70093790 3.51973212
0.70396174 4.10343297
0.70698559 4.68579496
0.71000944 5.26662836
0.71303329 5.84574448
0.71605714 6.42295569
0.71908099 6.99807546
0.72210484 7.57091849
0.72512869 8.14130079
0.72815254 8.70903974
0.73117639 9.27395423
0.73420024 9.83586473
0.73722409 10.39459343
0.74024793 10.94996426
0.74327178 11.50180307
0.74629563 12.04993764
0.74931948 12.59419784
0.75234333 13.13441566
0.75536718 13.67042531
0.75839103 14.20206331
0.76141488 14.72916854
0.76443873 15.25158230
0.76746258 15.76914838
0.77048643 16.28171311
0.77351028 16.78912538
0.77653413 17.29123669
0.77955797 17.78790117
0.78258182 18.27897556
0.78560567 18.76431923
0.78862952 19.24379413
0.79165337 19.71726478
0.79467722 20.18459819
0.79770107 20.64566377
0.80072492 21.10033326
0.80374877 21.54848054
0.80677262 21.98998153
0.80979647 22.42471396
0.81282032 22.85255713
0.81584417 23.27339167
0.81886801 23.68709917
0.82189186 24.09356187
0.82491571 24.49266216
0.82793956 24.88428215
0.83096341 25.26830305
0.83398726 25.64460455
0.83701111 26.01306406
0.84003496 26.37355586
0.84305881 26.72595017
0.84608266 27.07011204
0.84910651 27.40590012
0.85213036 27.73316529
0.85515421 28.05174909
0.85817805 28.36148203
0.86120190 28.66218161
0.86422575 28.95365023
0.86724960 29.23567287
0.87027345 29.50801455
0.87329730 29.77041766
0.87632115 30.02259919
0.87934500 30.26424783
0.88236885 30.49502128
0.88539270 30.71454368
0.88841655 30.92240358
0.89144040 31.11815269
0.89446425 31.30130580
0.89748809 31.47134233
0.90051194 31.62771006
0.90353579 31.76983164
0.90655964 31.89711420
0.90958349 32.00896260
0.91260734 32.10479618
0.91563119 32.18406860
0.91865504 32.24628985
0.92167889 32.29104877
0.92470274 32.31803397
0.92772659 32.32705108

0.92772659 32.32705108
0.93075668 32.32593486
0.93378677 32.32259432
0.93681686 32.31705362
0.93984695 32.30935263
0.94287704 32.29954629
0.94590713 32.28770374
0.94893722 32.27390733
0.95196731 32.25825140
0.95499740 32.24084100
0.95802749 32.22179048
0.96105758 32.20122211
0.96408767 32.17926461
0.96711776 32.15605176
0.97014785 32.13172104
0.97317794 32.10641233
0.97620803 32.08026668
0.97923812 32.05342522
0.98226821 32.02602812
0.98529830 31.99821367
0.98832839 31.97011743
0.99135849 31.94187151
0.99438858 31.91360392
0.99741867 31.88543797
1.00044876 31.85749181
1.00347885 31.82987794
1.00650894 31.80270286
1.00953903 31.77606668
1.01256912 31.75006285
1.01559921 31.72477788
1.01862930 31.70029102
1.02165939 31.67667407
1.02468948 31.65399112
1.02771957 31.63229829
1.03074966 31.61164346
1.03377975 31.59206609
1.03680984 31.57359681
1.03983993 31.55625725
1.04287002 31.54005960
1.04590011 31.52500630
1.04893020 31.51108963
1.05196029 31.49829123
1.05499038 31.48658168
1.05802047 31.47591987
1.06105056 31.46625248
1.06408065 31.45751333
1.06711075 31.44962265
1.07014084 31.44248640
1.07317093 31.43599549
1.07620102 31.43002498
1.07923111 31.42443335
1.08226120 31.41906176
1.08529129 31.41373348
1.08832138 31.40825341
1.09135147 31.31629167
1.09438156 31.21116385
1.09741165 31.12947288
1.10044174 31.07302763
1.10347183 31.04123382
1.10650192 31.03109484
1.10953201 31.03808096
1.11256210 31.05728816
1.11559219 31.08429720
1.11862228 31.11555892
1.12165237 31.14843546
1.12468246 31.18107849
1.12771255 31.21226367

1.12771255 31.21226367
1.13072131 31.21617287
1.13373006 31.22781603
1.13673882 31.24694621
1.13974757 31.27317204
1.14275632 31.30598445
1.14576508 31.34478813
1.14877383 31.38893350
1.15178258 31.43774610
1.15479134 31.49055124
1.15780009 31.54669311
1.16080885 31.60554824
1.16381760 31.66653413
1.16682635 31.72911393
1.16983511 31.79279801
1.17284386 31.85714350
1.17585262 31.92175235
1.17886137 31.98626862
1.18187012 32.05037521
1.18487888 32.11379059
1.18788763 32.17626536
1.19089639 32.23757917
1.19390514 32.29753762
1.19691389 32.35596955
1.19992265 32.41272450
1.20293140 32.46767043
1.20594015 32.52069163
1.20894891 32.57168691
1.21195766 32.62056785
1.21496642 32.66725742
1.21797517 32.71168853
1.22098392 32.75380292
1.22399268 32.79355008
1.22700143 32.83088627
1.23001019 32.86577374
1.23301894 32.89817995
1.23602769 32.92807694
1.23903645 32.95544076
1.24204520 32.98025097
1.24505396 33.00249019
1.24806271 33.02214379
1.25107146 33.03919950
1.25408022 33.05364718
1.25708897 33.06547862
1.26009772 33.07468733
1.26310648 33.08126840
1.26611523 33.08521839
1.26912399 33.08653527



0.00000000 39.46962387
0.00300875 39.46881448
0.00601751 39.46638539
0.00902626 39.46233384
0.01203502 39.45665528
0.01504377 39.44934334
0.01805252 39.44038993
0.02106128 39.42978525
0.02407003 39.41751784
0.02707879 39.40357468
0.03008754 39.38794125
0.03309629 39.37060162
0.03610505 39.35153856
0.03911380 39.33073361
0.04212255 39.30816722
0.04513131 39.28381888
0.04814006 39.25766722
0.05114882 39.22969015
0.05415757 39.19986500
0.05716632 39.16816867
0.06017508 39.13457779
0.06318383 39.09906884
0.06619259 39.06161832
0.06920134 39.02220292
0.07221009 38.98079967
0.07521885 38.93738610
0.07822760 38.89194040
0.08123636 38.84444161
0.08424511 38.79486975
0.08725386 38.74320600
0.09026262 38.68943286
0.09327137 38.63353432
0.09628012 38.57549601
0.09928888 38.51530537
0.10229763 38.45295178
0.10530639 38.38842677
0.10831514 38.32172413
0.11132389 38.25284005
0.11433265 38.18177333
0.11734140 38.10852549
0.12035016 38.03310089
0.12335891 37.95550696
0.12636766 37.87575427
0.12937642 37.79385671
0.13238517 37.70983164
0.13539393 37.62370005
0.13840268 37.53548671
0.14141143 37.44522031
0.14442019 37.35293364
0.14742894 37.25866380
0.15043769 37.16245232
0.15344645 37.06434540
0.15645520 36.96439411
0.15946396 36.86265459
0.16247271 36.75918833
0.16548146 36.65406243
0.16849022 36.54734986
0.17149897 36.43912980
0.17450773 36.32948800
0.17751648 36.21851716
0.18052523 36.10631735
0.18353399 35.99299650
0.18654274 35.87867089
0.18955150 35.76346579
0.19256025 35.64751603
0.19556900 35.53096671
0.19857776 35.41397401
0.20158651 35.29670596
0.20459527 35.17934336
0.20760402 35.06208077
0.21061277 34.94512746
0.21362153 34.82870857
0.21663028 34.71306614
0.21963903 34.59846028
0.22264779 34.48517024
0.22565654 34.37349544
0.22866530 34.26375641
0.23167405 34.15629546
0.23468280 34.05147716
0.23769156 33.94968833
0.24070031 33.85133755
0.24370907 33.75685397
0.24671782 33.66668531
0.24972657 33.58129478
0.25273533 33.50115696
0.25574408 33.42675224
0.25875284 33.35856004
0.26176159 33.29705059
0.26477034 33.24267556
0.26777910 33.19585762
0.27078785 33.15697958
0.27379660 33.12637338
0.27680536 33.10430978
0.27981411 33.09098930
0.28282287 33.08653527

0.28282287 33.08653527
0.28585296 33.08712974
0.28888305 33.08891493
0.29191314 33.09189626
0.29494323 33.09608269
0.29797332 33.10148669
0.30100341 33.10812410
0.30403350 33.11601406
0.30706359 33.12517885
0.31009368 33.13564369
0.31312377 33.14743658
0.31615386 33.16058809
0.31918395 33.17513109
0.32221404 33.19110052
0.32524413 33.20853312
0.32827422 33.22746709
0.33130431 33.24794185
0.33433440 33.26999767
0.33736449 33.29367538
0.34039458 33.31901596
0.34342467 33.34606028
0.34645476 33.37484868
0.34948486 33.40542063
0.35251495 33.43781438
0.35554504 33.47206661
0.35857513 33.50821205
0.36160522 33.54628316
0.36463531 33.58630979
0.36766540 33.62831882
0.37069549 33.67233390
0.37372558 33.49281646
0.37675567 33.28484793
0.37978576 33.07140872
0.38281585 32.85261740

0.38281585 32.85261740
0.38581564 32.63086405
0.38881543 32.40412010
0.39181522 32.17255530
0.39481501 31.93651553
0.39781480 31.69950008
0.40081459 31.81421212
0.40381438 32.06854003
0.40681417 32.32177155
0.40981396 32.57288341
0.41281374 32.82149483
0.41581353 33.06731931
0.41881332 33.31010493
0.42181311 33.54962074
0.42481290 33.78565241
0.42781269 34.01800040
0.43081248 34.24647900
0.43381227 34.47091574
0.43681206 34.69115096
0.43981185 34.90703743
0.44281164 35.11844003
0.44581143 35.32523542
0.44881122 35.47113492
0.45181101 35.56019707
0.45481080 35.65002439
0.45781059 35.74051538
0.46081038 35.83156667
0.46381017 35.92307339
0.46680996 36.01492944
0.46980975 36.10702792
0.47280953 36.19926136
0.47580932 36.29152216
0.47880911 36.38370288
0.48180890 36.47569659
0.48480869 36.56739717
0.48780848 36.65869967
0.49080827 36.74950064
0.49380806 36.83969838
0.49680785 36.92919327
0.49980764 37.01788808
0.50280743 37.10568819
0.50580722 37.19250189
0.50880701 37.27824063
0.51180680 37.36281920
0.51480659 37.44615603
0.51780638 37.52817329
0.52080617 37.60879717
0.52380596 37.68795798
0.52680575 37.76559030
0.52980554 37.84163316
0.53280532 37.91603010
0.53580511 37.98872928
0.53880490 38.05968356
0.54180469 38.12885055
0.54480448 38.19619263
0.54780427 38.26167701
0.55080406 38.32527568
0.55380385 38.38696542
0.55680364 38.44672776
0.55980343 38.50454890
0.56280322 38.53922315
0.56580301 38.56956914
0.56880280 38.60057180
0.57180259 38.63214544
0.57480238 38.66420278
0.57780217 38.69665531
0.58080196 38.72941376
0.58380175 38.76238847
0.58680154 38.79548971
0.58980133 38.82862808
0.59280111 38.86171476
0.59580090 38.89466183
0.59880069 38.92738251
0.60180048 38.95979141
0.60480027 38.99180477
0.60780006 39.02334062
0.61079985 39.05431900
0.61379964 39.08466211
0.61679943 39.11429446
0.61979922 39.14314304
0.62279901 39.17113740
0.62579880 39.19820978
0.62879859 39.22429523
0.63179838 39.24933169
0.63479817 39.27326006
0.63779796 39.29602429
0.64079775 39.31757145
0.64379754 39.33785179
0.64679733 39.35681878
0.64979712 39.37442916
0.65279690 39.39064301
0.65579669 39.40542374
0.65879648 39.41873819
0.66179627 39.43055657
0.66479606 39.44085258
0.66779585 39.44960337
0.67079564 39.45678956
0.67379543 39.46239530
0.67679522 39.46640823
0.67979501 39.46881952
0.68279480 39.46962387

0.68279480 39.46962387
0.68581865 39.46908181
0.68884250 39.46745525
0.69186635 39.46474309
0.69489020 39.46094352
0.69791405 39.45605404
0.70093790 39.45007151
0.70396174 39.44299221
0.70698559 39.43481191
0.71000944 39.42552593
0.71303329 39.41512925
0.71605714 39.40361660
0.71908099 39.39098257
0.72210484 39.37722173
0.72512869 39.36232875
0.72815254 39.34629856
0.73117639 39.32912645
0.73420024 39.31080826
0.73722409 39.29134051
0.74024793 39.27072055
0.74327178 39.24894677
0.74629563 39.22601869
0.74931948 39.20193719
0.75234333 39.17670467
0.75536718 39.15032516
0.75839103 39.12280458
0.76141488 39.09415081
0.76443873 39.06437394
0.76746258 39.03348637
0.77048643 39.00150296
0.77351028 38.96844124
0.77653413 38.93432149
0.77955797 38.89916690
0.78258182 38.86300371
0.78560567 38.82586130
0.78862952 38.78777232
0.79165337 38.74877279
0.79467722 38.70890216
0.79770107 38.66820341
0.80072492 38.62672310
0.80374877 38.58451142
0.80677262 38.54162221
0.80979647 38.49811298
0.81282032 38.45404494
0.81584417 38.40948292
0.81886801 38.36449537
0.82189186 38.31915431
0.82491571 38.27353525
0.82793956 38.22771706
0.83096341 38.18178190
0.83398726 38.13581503
0.83701111 38.08990471
0.84003496 38.04414195
0.84305881 37.99862033
0.84608266 37.95343577
0.84910651 37.90868627
0.85213036 37.86447160
0.85515421 37.82089303
0.85817805 37.77805298
0.86120190 37.73605468
0.86422575 37.69500176
0.86724960 37.65499791
0.87027345 37.61614639
0.87329730 37.57854966
0.87632115 37.54230888
0.87934500 37.50752349
0.88236885 37.47429067
0.88539270 37.44270494
0.88841655 37.41285760
0.89144040 37.38483627
0.89446425 37.35872444
0.89748809 37.33460094
0.90051194 37.31253953
0.90353579 37.29260841
0.90655964 37.27486987
0.90958349 37.25937984
0.91260734 37.24618755
0.91563119 37.23533525
0.91865504 37.22685788
0.92167889 37.22078287
0.92470274 37.21712993
0.92772659 37.21591096

0.92772659 37.21591096
0.93075668 37.21412712
0.93378677 37.20876985
0.93681686 37.19982174
0.93984695 37.18725345
0.94287704 37.17102318
0.94590713 37.15107599
0.94893722 37.12734307
0.95196731 37.09974093
0.95499740 37.06817073
0.95802749 37.03251789
0.96105758 36.99265212
0.96408767 36.94842819
0.96711776 36.89968767
0.97014785 36.84626190
0.97317794 36.78797635
0.97620803 36.72465642
0.97923812 36.65613452
0.98226821 36.58225794
0.98529830 36.50289688
0.98832839 36.41795174
0.99135849 36.32735885
0.99438858 36.23109401
0.99741867 36.12917343
1.00044876 36.02165230
1.00347885 35.90862129
1.00650894 35.79020175
1.00953903 35.66654031
1.01256912 35.53780344
1.01559921 35.40417264
1.01862930 35.26584033
1.02165939 35.12300679
1.02468948 34.97587797
1.02771957 34.82466434
1.03074966 34.66958044
1.03377975 34.51084534
1.03680984 34.34868377
1.03983993 34.18332803
1.04287002 34.01502066
1.04590011 33.84401808
1.04893020 33.67059540
1.05196029 33.49505270
1.05499038 33.31772329
1.05802047 33.13898470
1.06105056 32.95927329
1.06408065 32.77910403
1.06711075 32.59909719
1.07014084 32.42001477
1.07317093 32.24280978
1.07620102 32.06869231
1.07923111 31.89921527
1.08226120 31.73637819
1.08529129 31.58273500
1.08832138 31.44146200
1.09135147 31.40240801
1.09438156 31.39596559
1.09741165 31.38867729
1.10044174 31.38027902
1.10347183 31.37049459
1.10650192 31.35904078
1.10953201 31.34563470
1.11256210 31.33000462
1.11559219 31.31190513
1.11862228 31.29113838
1.12165237 31.26758339
1.12468246 31.24123604
1.12771255 31.21226367

1.12771255 31.21226367
1.13072131 31.21617287
1.13373006 31.22781603
1.13673882 31.24694621
1.13974757 31.27317204
1.14275632 31.30598445
1.14576508 31.34478813
1.14877383 31.38893350
1.15178258 31.43774610
1.15479134 31.49055124
1.15780009 31.54669311
1.16080885 31.60554824
1.16381760 31.66653413
1.16682635 31.72911393
1.16983511 31.79279801
1.17284386 31.85714350
1.17585262 31.92175235
1.17886137 31.98626862
1.18187012 32.05037521
1.18487888 32.11379059
1.18788763 32.17626536
1.19089639 32.23757917
1.19390514 32.29753762
1.19691389 32.35596955
1.19992265 32.41272450
1.20293140 32.46767043
1.20594015 32.52069163
1.20894891 32.57168691
1.21195766 32.62056785
1.21496642 32.66725742
1.21797517 32.71168853
1.22098392 32.75380292
1.22399268 32.79355008
1.22700143 32.83088627
1.23001019 32.86577374
1.23301894 32.89817995
1.23602769 32.92807694
1.23903645 32.95544076
1.24204520 32.98025097
1.24505396 33.00249019
1.24806271 33.02214379
1.25107146 33.03919950
1.25408022 33.05364718
1.25708897 33.06547862
1.26009772 33.07468733
1.26310648 33.08126840
1.26611523 33.08521839
1.26912399 33.08653527



0.00000000 39.46962387
0.00300875 39.46881448
0.00601751 39.46638539
0.00902626 39.46233384
0.01203502 39.45665528
0.01504377 39.44934334
0.01805252 39.44038993
0.02106128 39.42978525
0.02407003 39.41751784
0.02707879 39.40357468
0.03008754 39.38794125
0.03309629 39.37060162
0.03610505 39.35153856
0.03911380 39.33073361
0.04212255 39.30816722
0.04513131 39.28381888
0.04814006 39.25766722
0.05114882 39.22969015
0.05415757 39.19986500
0.05716632 39.16816867
0.06017508 39.13457779
0.06318383 39.09906884
0.06619259 39.06161832
0.06920134 39.02220292
0.07221009 38.98079967
0.07521885 38.93738610
0.07822760 38.89194040
0.08123636 38.84444161
0.08424511 38.79486975
0.08725386 38.74320600
0.09026262 38.68943286
0.09327137 38.63353432
0.09628012 38.57549601
0.09928888 38.51530537
0.10229763 38.45295178
0.10530639 38.38842677
0.10831514 38.32172413
0.11132389 38.25284005
0.11433265 38.18177333
0.11734140 38.10852549
0.12035016 38.03310089
0.12335891 37.95550696
0.12636766 37.87575427
0.12937642 37.79385671
0.13238517 37.70983164
0.13539393 37.62370005
0.13840268 37.53548671
0.14141143 37.44522031
0.14442019 37.35293364
0.14742894 37.25866380
0.15043769 37.16245232
0.15344645 37.06434540
0.15645520 36.96439411
0.15946396 36.86265459
0.16247271 36.75918833
0.16548146 36.65406243
0.16849022 36.54734986
0.17149897 36.43912980
0.17450773 36.32948800
0.17751648 36.21851716
0.18052523 36.10631735
0.18353399 35.99299650
0.18654274 35.87867089
0.18955150 35.76346579
0.19256025 35.64751603
0.19556900 35.53096671
0.19857776 35.41397401
0.20158651 35.29670596
0.20459527 35.17934336
0.20760402 35.06208077
0.21061277 34.94512746
0.21362153 34.82870857
0.21663028 34.71306615
0.21963903 34.59846028
0.22264779 34.48517024
0.22565654 34.37349544
0.22866530 34.26375641
0.23167405 34.15629546
0.23468280 34.05147716
0.23769156 33.94968833
0.24070031 33.92579654
0.24370907 34.15716133
0.24671782 34.38346505
0.24972657 34.60474658
0.25273533 34.82104583
0.25574408 35.03240364
0.25875284 35.23886165
0.26176159 35.44046217
0.26477034 35.63724808
0.26777910 35.82926271
0.27078785 36.01654974
0.27379660 36.19915309
0.27680536 36.37711680
0.27981411 36.55048498
0.28282287 36.71930168

0.28282287 36.71930168
0.28585296 36.71554293
0.28888305 36.70426912
0.29191314 36.68548757
0.29494323 36.65921048
0.29797332 36.62545489
0.30100341 36.58424267
0.30403350 36.53560044
0.30706359 36.47955959
0.31009368 36.41615616
0.31312377 36.34543081
0.31615386 36.26742876
0.31918395 36.18219966
0.32221404 36.08979758
0.32524413 35.99028083
0.32827422 35.88371193
0.33130431 35.77015747
0.33433440 35.64968800
0.33736449 35.52237789
0.34039458 35.38830525
0.34342467 35.24755175
0.34645476 35.10020251
0.34948486 34.94634596
0.35251495 34.78607366
0.35554504 34.61948022
0.35857513 34.44666309
0.36160522 34.26772245
0.36463531 34.08276106
0.36766540 33.89188415
0.37069549 33.69519931
0.37372558 33.71837508
0.37675567 33.76645860
0.37978576 33.81659657
0.38281585 33.86879675

0.38281585 33.86879675
0.38581564 33.92250942
0.38881543 33.97824486
0.39181522 34.03599677
0.39481501 34.09575398
0.39781480 34.15750027
0.40081459 34.22121435
0.40381438 34.28686975
0.40681417 34.35443478
0.40981396 34.42387256
0.41281374 34.49514099
0.41581353 34.56819283
0.41881332 34.64297575
0.42181311 34.71943244
0.42481290 34.79750072
0.42781269 34.87711370
0.43081248 34.95819994
0.43381227 35.04068364
0.43681206 35.12448487
0.43981185 35.20951978
0.44281164 35.29570087
0.44581143 35.38293725
0.44881122 35.52731175
0.45181101 35.72456838
0.45481080 35.91691559
0.45781059 36.10427426
0.46081038 36.28657563
0.46381017 36.46376099
0.46680996 36.63578141
0.46980975 36.80259747
0.47280953 36.96417898
0.47580932 37.12050469
0.47880911 37.27156205
0.48180890 37.41734691
0.48480869 37.55786330
0.48780848 37.69312310
0.49080827 37.82314585
0.49380806 37.94795842
0.49680785 38.06759484
0.49980764 38.16126980
0.50280743 38.16627249
0.50580722 38.17247560
0.50880701 38.17993587
0.51180680 38.18870081
0.51480659 38.19880846
0.51780638 38.21028730
0.52080617 38.22315623
0.52380596 38.23742470
0.52680575 38.25309284
0.52980554 38.27015177
0.53280532 38.28858386
0.53580511 38.30836317
0.53880490 38.32945589
0.54180469 38.35182078
0.54480448 38.37540973
0.54780427 38.40016827
0.55080406 38.42603612
0.55380385 38.45294776
0.55680364 38.48083298
0.55980343 38.50961742
0.56280322 38.56041967
0.56580301 38.61433543
0.56880280 38.66629592
0.57180259 38.71630520
0.57480238 38.76437146
0.57780217 38.81050692
0.58080196 38.85472757
0.58380175 38.89705308
0.58680154 38.93750654
0.58980133 38.97611430
0.59280111 39.01290568
0.59580090 39.04791283
0.59880069 39.08117039
0.60180048 39.11271533
0.60480027 39.14258663
0.60780006 39.17082506
0.61079985 39.19747287
0.61379964 39.22257355
0.61679943 39.24617155
0.61979922 39.26831198
0.62279901 39.28904037
0.62579880 39.30840234
0.62879859 39.32644339
0.63179838 39.34320856
0.63479817 39.35874224
0.63779796 39.37308782
0.64079775 39.38628751
0.64379754 39.39838205
0.64679733 39.40941051
0.64979712 39.41941002
0.65279690 39.42841559
0.65579669 39.43645989
0.65879648 39.44357309
0.66179627 39.44978263
0.66479606 39.45511314
0.66779585 39.45958623
0.67079564 39.46322042
0.67379543 39.46603098
0.67679522 39.46802991
0.67979501 39.46922581
0.68279480 39.46962387

0.68279480 39.46962387
0.68581865 39.46908181
0.68884250 39.46745525
0.69186635 39.46474309
0.69489020 39.46094352
0.69791405 39.45605404
0.70093790 39.45007151
0.70396174 39.44299221
0.70698559 39.43481191
0.71000944 39.42552593
0.71303329 39.41512925
0.71605714 39.40361660
0.71908099 39.39098257
0.72210484 39.37722173
0.72512869 39.36232875
0.72815254 39.34629856
0.73117639 39.32912645
0.73420024 39.31080826
0.73722409 39.29134051
0.74024793 39.27072055
0.74327178 39.24894677
0.74629563 39.22601869
0.74931948 39.20193719
0.75234333 39.17670467
0.75536718 39.15032516
0.75839103 39.12280458
0.76141488 39.09415081
0.76443873 39.06437394
0.76746258 39.03348637
0.77048643 39.00150296
0.77351028 38.96844124
0.77653413 38.93432149
0.77955797 38.89916690
0.78258182 38.86300371
0.78560567 38.82586130
0.78862952 38.78777232
0.79165337 38.74877279
0.79467722 38.70890216
0.79770107 38.66820341
0.80072492 38.62672310
0.80374877 38.58451142
0.80677262 38.54162221
0.80979647 38.49811298
0.81282032 38.45404494
0.81584417 38.40948292
0.81886801 38.36449537
0.82189186 38.31915431
0.82491571 38.27353525
0.82793956 38.22771706
0.83096341 38.18178190
0.83398726 38.13581503
0.83701111 38.08990471
0.84003496 38.04414195
0.84305881 37.99862033
0.84608266 37.95343577
0.84910651 37.90868627
0.85213036 37.86447160
0.85515421 37.82089303
0.85817805 37.77805298
0.86120190 37.73605468
0.86422575 37.69500176
0.86724960 37.65499791
0.87027345 37.61614639
0.87329730 37.57854966
0.87632115 37.54230888
0.87934500 37.50752349
0.88236885 37.47429067
0.88539270 37.44270494
0.88841655 37.41285760
0.89144040 37.38483627
0.89446425 37.35872444
0.89748809 37.33460094
0.90051194 37.31253953
0.90353579 37.29260841
0.90655964 37.27486987
0.90958349 37.25937984
0.91260734 37.24618755
0.91563119 37.23533525
0.91865504 37.22685788
0.92167889 37.22078287
0.92470274 37.21712993
0.92772659 37.21591096

0.92772659 37.21591096
0.93075668 37.21672815
0.93378677 37.21917119
0.93681686 37.22321459
0.93984695 37.22881629
0.94287704 37.23591825
0.94590713 37.24444732
0.94893722 37.25431618
0.95196731 37.26542457
0.95499740 37.27766048
0.95802749 37.29090155
0.96105758 37.30501643
0.96408767 37.31986615
0.96711776 37.33530549
0.97014785 37.35118427
0.97317794 37.36734861
0.97620803 37.38364208
0.97923812 37.39990673
0.98226821 37.41598409
0.98529830 37.43171602
0.98832839 37.41939790
0.99135849 37.35562622
0.99438858 37.29135365
0.99741867 37.22675700
1.00044876 37.16198331
1.00347885 37.09715357
1.00650894 37.03236770
1.00953903 36.96771033
1.01256912 36.90325657
1.01559921 36.83907735
1.01862930 36.77524408
1.02165939 36.71183251
1.02468948 36.64892574
1.02771957 36.58661652
1.03074966 36.52500900
1.03377975 36.46421995
1.03680984 36.40437961
1.03983993 36.34563231
1.04287002 36.28813691
1.04590011 36.23206701
1.04893020 36.17761112
1.05196029 36.12497264
1.05499038 36.07436978
1.05802047 36.02603516
1.06105056 35.98021535
1.06408065 35.93716989
1.06711075 35.89717005
1.07014084 35.86049697
1.07317093 35.82743916
1.07620102 35.79828916
1.07923111 35.77333934
1.08226120 35.75287664
1.08529129 35.73717621
1.08832138 35.72649400
1.09135147 35.72105847
1.09438156 35.72106155
1.09741165 35.72664943
1.10044174 35.73791360
1.10347183 35.75488288
1.10650192 35.77751709
1.10953201 35.80570309
1.11256210 35.83925361
1.11559219 35.87790934
1.11862228 35.92134403
1.12165237 35.96917244
1.12468246 36.02096054
1.12771255 36.07623714

1.12771255 36.07623714
1.13072131 36.07693913
1.13373006 36.07904228
1.13673882 36.08253813
1.13974757 36.08741262
1.14275632 36.09364609
1.14576508 36.10121328
1.14877383 36.11008344
1.15178258 36.12022031
1.15479134 36.13158224
1.15780009 36.14412224
1.16080885 36.15778814
1.16381760 36.17252265
1.16682635 36.18826358
1.16983511 36.20494400
1.17284386 36.22249244
1.17585262 36.24083319
1.17886137 36.25988651
1.18187012 36.27956900
1.18487888 36.29979394
1.18788763 36.32047164
1.19089639 36.34150987
1.19390514 36.36281428
1.19691389 36.38428890
1.19992265 36.40583655
1.20293140 36.42735938
1.20594015 36.44875939
1.20894891 36.46993886
1.21195766 36.49080096
1.21496642 36.51125015
1.21797517 36.53119276
1.22098392 36.55053743
1.22399268 36.56919555
1.22700143 36.58708174
1.23001019 36.60411426
1.23301894 36.62021534
1.23602769 36.63531165
1.23903645 36.64933452
1.24204520 36.66222030
1.24505396 36.67391064
1.24806271 36.68435269
1.25107146 36.69349934
1.25408022 36.70130942
1.25708897 36.70774781
1.26009772 36.71278561
1.26310648 36.71640024
1.26611523 36.71857551
1.26912399 36.71930168



0.00000000 39.46962387
0.00300875 39.47046596
0.00601751 39.47298889
0.00902626 39.47718264
0.01203502 39.48303057
0.01504377 39.49050946
0.01805252 39.49958962
0.02106128 39.51023498
0.02407003 39.52240326
0.02707879 39.53604609
0.03008754 39.55110920
0.03309629 39.56753265
0.03610505 39.58525102
0.03911380 39.60419365
0.04212255 39.62428493
0.04513131 39.64544450
0.04814006 39.66758760
0.05114882 39.69062533
0.05415757 39.71446494
0.05716632 39.73901018
0.06017508 39.76416157
0.06318383 39.78981677
0.06619259 39.81587087
0.06920134 39.84221671
0.07221009 39.86874522
0.07521885 39.89534575
0.07822760 39.92190636
0.08123636 39.94831414
0.08424511 39.97445555
0.08725386 40.00021665
0.09026262 40.02548344
0.09327137 40.05014215
0.09628012 40.07407942
0.09928888 40.09718267
0.10229763 40.11934024
0.10530639 40.14044167
0.10831514 40.16037791
0.11132389 40.17904148
0.11433265 40.19632670
0.11734140 40.21212982
0.12035016 40.22634918
0.12335891 40.23888534
0.12636766 40.24964120
0.12937642 40.25852209
0.13238517 40.26543588
0.13539393 40.27029302
0.13840268 40.27300658
0.14141143 40.27349236
0.14442019 40.27166880
0.14742894 40.26745709
0.15043769 40.26078110
0.15344645 40.25156740
0.15645520 40.23974518
0.15946396 40.22524624
0.16247271 40.20800496
0.16548146 40.18795814
0.16849022 40.16504504
0.17149897 40.13920719
0.17450773 40.11038838
0.17751648 40.07853448
0.18052523 40.04359340
0.18353399 40.00551493
0.18654274 39.96425066
0.18955150 39.91975382
0.19256025 39.87197915
0.19556900 39.82088284
0.19857776 39.76642230
0.20158651 39.70855611
0.20459527 39.64724386
0.20760402 39.58244600
0.21061277 39.51412378
0.21362153 39.44223903
0.21663028 39.36675412
0.21963903 39.28763181
0.22264779 39.20483515
0.22565654 39.11832735
0.22866530 39.02807170
0.23167405 38.93403148
0.23468280 38.83616986
0.23769156 38.73444981
0.24070031 38.62883407
0.24370907 38.51928504
0.24671782 38.40576475
0.24972657 38.28823482
0.25273533 38.16665639
0.25574408 38.04099012
0.25875284 37.91119618
0.26176159 37.77723421
0.26477034 37.63906334
0.26777910 37.49664220
0.27078785 37.34992891
0.27379660 37.19888115
0.27680536 37.04345617
0.27981411 36.88361084
0.28282287 36.71930168

0.28282287 36.71930168
0.28585296 36.72158438
0.28888305 36.72840035
0.29191314 36.73965476
0.29494323 36.75519432
0.29797332 36.77481402
0.30100341 36.79826546
0.30403350 36.82526616
0.30706359 36.85550916
0.31009368 36.88867203
0.31312377 36.92442514
0.31615386 36.96243872
0.31918395 37.00238855
0.32221404 37.04396044
0.32524413 37.08685346
0.32827422 37.13078218
0.33130431 37.17547796
0.33433440 37.22068966
0.33736449 37.26618367
0.34039458 37.31174373
0.34342467 37.35717031
0.34645476 37.40227995
0.34948486 37.44690445
0.35251495 37.49088995
0.35554504 37.53409617
0.35857513 37.57639548
0.36160522 37.61767219
0.36463531 37.65782179
0.36766540 37.69675026
0.37069549 37.73437353
0.37372558 37.77061691
0.37675567 37.80541466
0.37978576 37.83870956
0.38281585 37.87045260

0.38281585 37.87045260
0.38581564 37.90030918
0.38881543 37.92857206
0.39181522 37.95521600
0.39481501 37.98022287
0.39781480 38.00358150
0.40081459 38.02528766
0.40381438 38.04534396
0.40681417 38.06375988
0.40981396 38.08055171
0.41281374 38.09574258
0.41581353 38.10936244
0.41881332 38.12144807
0.42181311 38.13204305
0.42481290 38.14119775
0.42781269 38.14896927
0.43081248 38.15542136
0.43381227 38.16062430
0.43681206 38.16465477
0.43981185 38.16759565
0.44281164 38.16953573
0.44581143 38.17056944
0.44881122 38.17079648
0.45181101 38.17032137
0.45481080 38.16925296
0.45781059 38.16770386
0.46081038 38.16578984
0.46381017 38.16362911
0.46680996 38.16134158
0.46980975 38.15904807
0.47280953 38.15686946
0.47580932 38.15492582
0.47880911 38.15333552
0.48180890 38.15221431
0.48480869 38.15167443
0.48780848 38.15182373
0.49080827 38.15276481
0.49380806 38.15459425
0.49680785 38.15740181
0.49980764 38.18209596
0.50280743 38.29150926
0.50580722 38.39588857
0.50880701 38.49529384
0.51180680 38.58979088
0.51480659 38.67945115
0.51780638 38.76435149
0.52080617 38.84457388
0.52380596 38.92020526
0.52680575 38.99133720
0.52980554 39.05806577
0.53280532 39.12049125
0.53580511 39.17871791
0.53880490 39.23285378
0.54180469 39.28301044
0.54480448 39.32930278
0.54780427 39.37184877
0.55080406 39.41076924
0.55380385 39.44618765
0.55680364 39.47822986
0.55980343 39.50702390
0.56280322 39.53269976
0.56580301 39.55538910
0.56880280 39.57522511
0.57180259 39.59234219
0.57480238 39.60687575
0.57780217 39.61896197
0.58080196 39.62873755
0.58380175 39.63633948
0.58680154 39.64190476
0.58980133 39.64557020
0.59280111 39.64747213
0.59580090 39.64774613
0.59880069 39.64652685
0.60180048 39.64394764
0.60480027 39.64014039
0.60780006 39.63523521
0.61079985 39.62936017
0.61379964 39.62264107
0.61679943 39.61520112
0.61979922 39.60716074
0.62279901 39.59863722
0.62579880 39.58974455
0.62879859 39.58059307
0.63179838 39.57128928
0.63479817 39.56193557
0.63779796 39.55262996
0.64079775 39.54346588
0.64379754 39.53453194
0.64679733 39.52591168
0.64979712 39.51768339
0.65279690 39.50991991
0.65579669 39.50268841
0.65879648 39.49605022
0.66179627 39.49006068
0.66479606 39.48476899
0.66779585 39.48021806
0.67079564 39.47644442
0.67379543 39.47347807
0.67679522 39.47134246
0.67979501 39.47005436
0.68279480 39.46962387

0.68279480 39.46962387
0.68581865 39.46992369
0.68884250 39.47082107
0.69186635 39.47230975
0.69489020 39.47437935
0.69791405 39.47701539
0.70093790 39.48019930
0.70396174 39.48390856
0.70698559 39.48811672
0.71000944 39.49279351
0.71303329 39.49790495
0.71605714 39.50341346
0.71908099 39.50927796
0.72210484 39.51545407
0.72512869 39.52189419
0.72815254 39.52854768
0.73117639 39.53536105
0.73420024 39.54227809
0.73722409 39.54924006
0.74024793 39.55618589
0.74327178 39.56305234
0.74629563 39.56977422
0.74931948 39.57628455
0.75234333 39.58251479
0.75536718 39.58839502
0.75839103 39.59385415
0.76141488 39.59882013
0.76443873 39.60322012
0.76746258 39.60698074
0.77048643 39.61002824
0.77351028 39.61228872
0.77653413 39.61368835
0.77955797 39.61415355
0.78258182 39.61361124
0.78560567 39.61198901
0.78862952 39.60921538
0.79165337 39.60522001
0.79467722 39.59993392
0.79770107 39.59328976
0.80072492 39.58522204
0.80374877 39.57566741
0.80677262 39.56456494
0.80979647 39.55185644
0.81282032 39.53748676
0.81584417 39.52140420
0.81886801 39.50356085
0.82189186 39.48391306
0.82491571 39.46242191
0.82793956 39.43905376
0.83096341 39.41378082
0.83398726 39.38658185
0.83701111 39.35744288
0.84003496 39.32635809
0.84305881 39.29333075
0.84608266 39.25837427
0.84910651 39.22151341
0.85213036 39.18278566
0.85515421 39.14224272
0.85817805 39.09995220
0.86120190 39.05599949
0.86422575 39.01048987
0.86724960 38.96355071
0.87027345 38.91533399
0.87329730 38.86601888
0.87632115 38.81581451
0.87934500 38.76496271
0.88236885 38.71374071
0.88539270 38.66246364
0.88841655 38.61148645
0.89144040 38.56120515
0.89446425 38.51205682
0.89748809 38.46451797
0.90051194 38.41910077
0.90353579 38.37634655
0.90655964 38.33681604
0.90958349 38.30107614
0.91260734 38.26968313
0.91563119 38.24316276
0.91865504 38.22198825
0.92167889 38.20655773
0.92470274 38.19717328
0.92772659 38.19402371

0.92772659 38.19402371
0.93075668 38.19172454
0.93378677 38.18483737
0.93681686 38.17339338
0.93984695 38.15744483
0.94287704 38.13706562
0.94590713 38.11235191
0.94893722 38.08342284
0.95196731 38.05042133
0.95499740 38.01351467
0.95802749 37.97289494
0.96105758 37.92877890
0.96408767 37.88140719
0.96711776 37.83104258
0.97014785 37.77796692
0.97317794 37.72247679
0.97620803 37.66487766
0.97923812 37.60547680
0.98226821 37.54457539
0.98529830 37.48246051
0.98832839 37.44694547
0.99135849 37.46151717
0.99438858 37.47527823
0.99741867 37.48807863
1.00044876 37.49977171
1.00347885 37.51021452
1.00650894 37.51926821
1.00953903 37.52679831
1.01256912 37.53267502
1.01559921 37.53677346
1.01862930 37.53897391
1.02165939 37.53916209
1.02468948 37.53722937
1.02771957 37.53307305
1.03074966 37.52659662
1.03377975 37.51771009
1.03680984 37.50633031
1.03983993 37.49238136
1.04287002 37.47579497
1.04590011 37.45651102
1.04893020 37.43447806
1.05196029 37.40965392
1.05499038 37.38200646
1.05802047 37.35151429
1.06105056 37.31816766
1.06408065 37.28196945
1.06711075 37.24293624
1.07014084 37.20109954
1.07317093 37.15650707
1.07620102 37.10922426
1.07923111 37.05933577
1.08226120 37.00694718
1.08529129 36.95218683
1.08832138 36.89520758
1.09135147 36.83618879
1.09438156 36.77533817
1.09741165 36.71289354
1.10044174 36.64912446
1.10347183 36.58433350
1.10650192 36.51885698
1.10953201 36.45306514
1.11256210 36.38736133
1.11559219 36.32218011
1.11862228 36.25798398
1.12165237 36.19525859
1.12468246 36.13450614
1.12771255 36.07623714

1.12771255 36.07623714
1.13072131 36.07693913
1.13373006 36.07904228
1.13673882 36.08253813
1.13974757 36.08741262
1.14275632 36.09364609
1.14576508 36.10121328
1.14877383 36.11008344
1.15178258 36.12022031
1.15479134 36.13158224
1.15780009 36.14412224
1.16080885 36.15778814
1.16381760 36.17252265
1.16682635 36.18826358
1.16983511 36.20494400
1.17284386 36.22249244
1.17585262 36.24083319
1.17886137 36.25988651
1.18187012 36.27956900
1.18487888 36.29979394
1.18788763 36.32047164
1.19089639 36.34150987
1.19390514 36.36281428
1.19691389 36.38428890
1.19992265 36.40583655
1.20293140 36.42735938
1.20594015 36.44875939
1.20894891 36.46993886
1.21195766 36.49080096
1.21496642 36.51125015
1.21797517 36.53119276
1.22098392 36.55053743
1.22399268 36.56919555
1.22700143 36.58708174
1.23001019 36.60411426
1.23301894 36.62021534
1.23602769 36.63531165
1.23903645 36.64933452
1.24204520 36.66222030
1.24505396 36.67391064
1.24806271 36.68435269
1.25107146 36.69349934
1.25408022 36.70130942
1.25708897 36.70774781
1.26009772 36.71278561
1.26310648 36.71640024
1.26611523 36.71857551
1.26912399 36.71930168



