# End points of segments: 
#   0.00000000 0.28282290 0.38281580 0.68279480 0.92772660 
0.000000 -0.000000
0.002828 0.509618
0.005657 1.019126
0.008485 1.528411
0.011313 2.037365
0.014141 2.545876
0.016969 3.053833
0.019798 3.561128
0.022626 4.067649
0.025454 4.573288
0.028282 5.077936
0.031110 5.581484
0.033939 6.083824
0.036767 6.584849
0.039595 7.084451
0.042423 7.582525
0.045252 8.078965
0.048080 8.573666
0.050908 9.066524
0.053736 9.557437
0.056565 10.046302
0.059393 10.533019
0.062221 11.017486
0.065049 11.499606
0.067877 11.979281
0.070706 12.456414
0.073534 12.930910
0.076362 13.402675
0.079190 13.871616
0.082019 14.337643
0.084847 14.800667
0.087675 15.260598
0.090503 15.717351
0.093331 16.170842
0.096160 16.620988
0.098988 17.067707
0.101816 17.510920
0.104645 17.950551
0.107473 18.386523
0.110301 18.818765
0.113129 19.247203
0.115957 19.671771
0.118786 20.092400
0.121614 20.509026
0.124442 20.921587
0.127270 21.330022
0.130099 21.734275
0.132927 22.134289
0.135755 22.530012
0.138583 22.921394
0.141411 23.308385
0.144240 23.690942
0.147068 24.069021
0.149896 24.442582
0.152724 24.811587
0.155553 25.176001
0.158381 25.535791
0.161209 25.890927
0.164037 26.241383
0.166865 26.587133
0.169694 26.928155
0.172522 27.264429
0.175350 27.595939
0.178178 27.922671
0.181007 28.244611
0.183835 28.561751
0.186663 28.874085
0.189491 29.181607
0.192320 29.484315
0.195148 29.782210
0.197976 30.075294
0.200804 30.363572
0.203632 30.647051
0.206461 30.925741
0.209289 31.199652
0.212117 31.468798
0.214945 31.733194
0.217774 31.992857
0.220602 32.247806
0.223430 32.498062
0.226258 32.743646
0.229086 32.984583
0.231915 33.220898
0.234743 33.452617
0.237571 33.679768
0.240399 33.902380
0.243228 34.120484
0.246056 34.334111
0.248884 34.543292
0.251712 34.748061
0.254541 34.948451
0.257369 35.144497
0.260197 35.336234
0.263025 35.523696
0.265854 35.706921
0.268682 35.885943
0.271510 36.060800
0.274338 36.231528
0.277166 36.398163
0.279995 36.560742
0.282823 36.719302

0.282823 24.569515
0.283823 24.569355
0.284823 24.568875
0.285823 24.568075
0.286823 24.566956
0.287822 24.565516
0.288822 24.563757
0.289822 24.561677
0.290822 24.559277
0.291822 24.556557
0.292822 24.553517
0.293822 24.550157
0.294822 24.546476
0.295822 24.542474
0.296822 24.538151
0.297822 24.533508
0.298822 24.528544
0.299822 24.523258
0.300822 24.517652
0.301822 24.511723
0.302822 24.505473
0.303821 24.498901
0.304821 24.492007
0.305821 24.484791
0.306821 24.477252
0.307821 24.469391
0.308821 24.461206
0.309821 24.452698
0.310821 24.443867
0.311821 24.434712
0.312821 24.425232
0.313821 24.415429
0.314821 24.405301
0.315821 24.394848
0.316821 24.384070
0.317820 24.372966
0.318820 24.361536
0.319820 24.349781
0.320820 24.337698
0.321820 24.325289
0.322820 24.312553
0.323820 24.299489
0.324820 24.286097
0.325820 24.272377
0.326820 24.258329
0.327820 24.243951
0.328820 24.229244
0.329820 24.214207
0.330819 24.198840
0.331819 24.183142
0.332819 24.167114
0.333819 24.150754
0.334819 24.134062
0.335819 24.117037
0.336819 24.099681
0.337819 24.081991
0.338819 24.063967
0.339819 24.045610
0.340819 24.026918
0.341819 24.007892
0.342819 23.988530
0.343819 23.968833
0.344818 23.948799
0.345818 23.928429
0.346818 23.907722
0.347818 23.886677
0.348818 23.865295
0.349818 23.843574
0.350818 23.821514
0.351818 23.799115
0.352818 23.776376
0.353818 23.753298
0.354818 23.729878
0.355818 23.706117
0.356818 23.682015
0.357818 23.657571
0.358818 23.632785
0.359818 23.607656
0.360817 23.582183
0.361817 23.556367
0.362817 23.530206
0.363817 23.503701
0.364817 23.476851
0.365817 23.449656
0.366817 23.422114
0.367817 23.394226
0.368817 23.365992
0.369817 23.337410
0.370817 23.308481
0.371817 23.279204
0.372817 23.249579
0.373816 23.219605
0.374816 23.189282
0.375816 23.158609
0.376816 23.127587
0.377816 23.096214
0.378816 23.064491
0.379816 23.032417
0.380816 22.999991
0.381816 22.967214
0.382816 22.934085

0.382816 22.934085
0.385816 22.832583
0.388815 22.727903
0.391815 22.620036
0.394815 22.508977
0.397815 22.394719
0.400815 22.277257
0.403814 22.156587
0.406814 22.032706
0.409814 21.905611
0.412814 21.775303
0.415814 21.641780
0.418813 21.505044
0.421813 21.365098
0.424813 21.221945
0.427813 21.075589
0.430812 20.926038
0.433812 20.773299
0.436812 20.617379
0.439812 20.458291
0.442812 20.296044
0.445811 20.130652
0.448811 19.962129
0.451811 19.790490
0.454811 19.615754
0.457811 19.437937
0.460810 19.257059
0.463810 19.073143
0.466810 18.886210
0.469810 18.696284
0.472809 18.503390
0.475809 18.307555
0.478809 18.108807
0.481809 17.907174
0.484809 17.702687
0.487808 17.495377
0.490808 17.285277
0.493808 17.072421
0.496808 16.856845
0.499808 16.638582
0.502807 16.417672
0.505807 16.194152
0.508807 15.968061
0.511807 15.739439
0.514807 15.508327
0.517806 15.274766
0.520806 15.038799
0.523806 14.800470
0.526806 14.559821
0.529806 14.316897
0.532805 14.071743
0.535805 13.824405
0.538805 13.574929
0.541805 13.323362
0.544805 13.069749
0.547804 12.814139
0.550804 12.556578
0.553804 12.297115
0.556804 12.035797
0.559803 11.772672
0.562803 11.507789
0.565803 11.241195
0.568803 10.972939
0.571803 10.703068
0.574802 10.431632
0.577802 10.158677
0.580802 9.884251
0.583802 9.608403
0.586801 9.331180
0.589801 9.052628
0.592801 8.772795
0.595801 8.491728
0.598801 8.209472
0.601800 7.926073
0.604800 7.641578
0.607800 7.356031
0.610800 7.069478
0.613800 6.781963
0.616799 6.493529
0.619799 6.204221
0.622799 5.914081
0.625799 5.623154
0.628799 5.331480
0.631798 5.039103
0.634798 4.746063
0.637798 4.452403
0.640798 4.158162
0.643798 3.863382
0.646797 3.568102
0.649797 3.272362
0.652797 2.976202
0.655797 2.679662
0.658797 2.382779
0.661796 2.085592
0.664796 1.788141
0.667796 1.490463
0.670796 1.192597
0.673795 0.894579
0.676795 0.596449
0.679795 0.298243
0.682795 -0.000000

0.682795 -0.000000
0.685244 0.259351
0.687693 0.518637
0.690143 0.777791
0.692592 1.036749
0.695041 1.295444
0.697491 1.553813
0.699940 1.811789
0.702389 2.069307
0.704839 2.326303
0.707288 2.582713
0.709737 2.838473
0.712187 3.093517
0.714636 3.347784
0.717085 3.601210
0.719535 3.853732
0.721984 4.105288
0.724433 4.355815
0.726882 4.605254
0.729332 4.853542
0.731781 5.100620
0.734231 5.346428
0.736680 5.590906
0.739129 5.833995
0.741578 6.075639
0.744028 6.315778
0.746477 6.554357
0.748926 6.791319
0.751376 7.026609
0.753825 7.260171
0.756274 7.491952
0.758724 7.721897
0.761173 7.949954
0.763622 8.176071
0.766072 8.400196
0.768521 8.622277
0.770970 8.842266
0.773420 9.060112
0.775869 9.275765
0.778318 9.489179
0.780767 9.700304
0.783217 9.909094
0.785666 10.115503
0.788115 10.319484
0.790565 10.520992
0.793014 10.719982
0.795463 10.916410
0.797913 11.110232
0.800362 11.301404
0.802811 11.489884
0.805261 11.675629
0.807710 11.858597
0.810159 12.038746
0.812609 12.216035
0.815058 12.390423
0.817507 12.561869
0.819957 12.730332
0.822406 12.895773
0.824855 13.058151
0.827305 13.217426
0.829754 13.373560
0.832203 13.526512
0.834653 13.676243
0.837102 13.822714
0.839551 13.965886
0.842001 14.105721
0.844450 14.242180
0.846899 14.375223
0.849348 14.504814
0.851798 14.630914
0.854247 14.753484
0.856696 14.872488
0.859146 14.987887
0.861595 15.099644
0.864044 15.207723
0.866494 15.312087
0.868943 15.412700
0.871392 15.509526
0.873842 15.602530
0.876291 15.691679
0.878740 15.776937
0.881189 15.858272
0.883639 15.935652
0.886088 16.009045
0.888537 16.078421
0.890987 16.143752
0.893436 16.205009
0.895886 16.262165
0.898335 16.315195
0.900784 16.364075
0.903233 16.408782
0.905683 16.449297
0.908132 16.485600
0.910581 16.517674
0.913031 16.545502
0.915480 16.569073
0.917929 16.588374
0.920379 16.603396
0.922828 16.614131
0.925277 16.620574
0.927727 16.622722


0.000000 0.000000
0.002828 0.333064
0.005657 0.666081
0.008485 0.999005
0.011313 1.331790
0.014141 1.664388
0.016969 1.996755
0.019798 2.328842
0.022626 2.660604
0.025454 2.991994
0.028282 3.322965
0.031110 3.653471
0.033939 3.983465
0.036767 4.312901
0.039595 4.641731
0.042423 4.969910
0.045252 5.297390
0.048080 5.624125
0.050908 5.950068
0.053736 6.275172
0.056565 6.599391
0.059393 6.922679
0.062221 7.244987
0.065049 7.566271
0.067877 7.886483
0.070706 8.205577
0.073534 8.523507
0.076362 8.840226
0.079190 9.155688
0.082019 9.469847
0.084847 9.782657
0.087675 10.094073
0.090503 10.404048
0.093331 10.712537
0.096160 11.019494
0.098988 11.324874
0.101816 11.628633
0.104645 11.930724
0.107473 12.231103
0.110301 12.529725
0.113129 12.826545
0.115957 13.121519
0.118786 13.414602
0.121614 13.705749
0.124442 13.994917
0.127270 14.282059
0.130099 14.567131
0.132927 14.850089
0.135755 15.130887
0.138583 15.409478
0.141411 15.685818
0.144240 15.959859
0.147068 16.231555
0.149896 16.500856
0.152724 16.767715
0.155553 17.032079
0.158381 17.293899
0.161209 17.553121
0.164037 17.809690
0.166865 18.063549
0.169694 18.314639
0.172522 18.562898
0.175350 18.808261
0.178178 19.050660
0.181007 19.290022
0.183835 19.526273
0.186663 19.759330
0.189491 19.989107
0.192320 20.215513
0.195148 20.438449
0.197976 20.657809
0.200804 20.873479
0.203632 21.085338
0.206461 21.293253
0.209289 21.497081
0.212117 21.696670
0.214945 21.891854
0.217774 22.082453
0.220602 22.268274
0.223430 22.449108
0.226258 22.624732
0.229086 22.794903
0.231915 22.959362
0.234743 23.117834
0.237571 23.270024
0.240399 23.415618
0.243228 23.554288
0.246056 23.685689
0.248884 23.809461
0.251712 23.925236
0.254541 24.032635
0.257369 24.131279
0.260197 24.220792
0.263025 24.300806
0.265854 24.370970
0.268682 24.430958
0.271510 24.480475
0.274338 24.519269
0.277166 24.547131
0.279995 24.563911
0.282823 24.569515

0.282823 24.569515
0.283823 24.570258
0.284823 24.572485
0.285823 24.576198
0.286823 24.581393
0.287822 24.588069
0.288822 24.596223
0.289822 24.605854
0.290822 24.616955
0.291822 24.629525
0.292822 24.643558
0.293822 24.659049
0.294822 24.675992
0.295822 24.694380
0.296822 24.714208
0.297822 24.735468
0.298822 24.758152
0.299822 24.782252
0.300822 24.807759
0.301822 24.834665
0.302822 24.862958
0.303821 24.892629
0.304821 24.923668
0.305821 24.956064
0.306821 24.989804
0.307821 25.024878
0.308821 25.061273
0.309821 25.098976
0.310821 25.137974
0.311821 25.178254
0.312821 25.219802
0.313821 25.262604
0.314821 25.306645
0.315821 25.351910
0.316821 25.398386
0.317820 25.446055
0.318820 25.494903
0.319820 25.544913
0.320820 25.596070
0.321820 25.648356
0.322820 25.701756
0.323820 25.756251
0.324820 25.811826
0.325820 25.868462
0.326820 25.926143
0.327820 25.984850
0.328820 26.044566
0.329820 26.105272
0.330819 26.166950
0.331819 26.229583
0.332819 26.293151
0.333819 26.357637
0.334819 26.423022
0.335819 26.489286
0.336819 26.556411
0.337819 26.624379
0.338819 26.693171
0.339819 26.762767
0.340819 26.833148
0.341819 26.904297
0.342819 26.976193
0.343819 27.048817
0.344818 27.122152
0.345818 27.196177
0.346818 27.270874
0.347818 27.346223
0.348818 27.422207
0.349818 27.498805
0.350818 27.576000
0.351818 27.653772
0.352818 27.732103
0.353818 27.810975
0.354818 27.890367
0.355818 27.970264
0.356818 28.050645
0.357818 28.131492
0.358818 28.212788
0.359818 28.294514
0.360817 28.376653
0.361817 28.459186
0.362817 28.542095
0.363817 28.625364
0.364817 28.708975
0.365817 28.792910
0.366817 28.877151
0.367817 28.961683
0.368817 29.046488
0.369817 29.131550
0.370817 29.216850
0.371817 29.302374
0.372817 29.388105
0.373816 29.474026
0.374816 29.560121
0.375816 29.646375
0.376816 29.732772
0.377816 29.819296
0.378816 29.905931
0.379816 29.992663
0.380816 30.079475
0.381816 30.166354
0.382816 30.253283

0.382816 30.253283
0.385816 30.514229
0.388815 30.775097
0.391815 31.035465
0.394815 31.294747
0.397815 31.549220
0.400815 31.814212
0.403814 32.068540
0.406814 32.321772
0.409814 32.572883
0.412814 32.821495
0.415814 33.067319
0.418813 33.310105
0.421813 33.549621
0.424813 33.785652
0.427813 34.018000
0.430812 34.246479
0.433812 34.470916
0.436812 34.691151
0.439812 34.907037
0.442812 35.118440
0.445811 35.325235
0.448811 35.527312
0.451811 35.724568
0.454811 35.916916
0.457811 36.104274
0.460810 36.286576
0.463810 36.463761
0.466810 36.635781
0.469810 36.802597
0.472809 36.964179
0.475809 37.120505
0.478809 37.271562
0.481809 37.417347
0.484809 37.557863
0.487808 37.693123
0.490808 37.823146
0.493808 37.947958
0.496808 38.067595
0.499808 38.182096
0.502807 38.291509
0.505807 38.395889
0.508807 38.495294
0.511807 38.589791
0.514807 38.679451
0.517806 38.764351
0.520806 38.844574
0.523806 38.920205
0.526806 38.991337
0.529806 39.058066
0.532805 39.120491
0.535805 39.178718
0.538805 39.232854
0.541805 39.283010
0.544805 39.329303
0.547804 39.371849
0.550804 39.410769
0.553804 39.446188
0.556804 39.478230
0.559803 39.507024
0.562803 39.532700
0.565803 39.555389
0.568803 39.575225
0.571803 39.592342
0.574802 39.606876
0.577802 39.618962
0.580802 39.628738
0.583802 39.636339
0.586801 39.641905
0.589801 39.645570
0.592801 39.647472
0.595801 39.647746
0.598801 39.646527
0.601800 39.643948
0.604800 39.640140
0.607800 39.635235
0.610800 39.629360
0.613800 39.622641
0.616799 39.615201
0.619799 39.607161
0.622799 39.598637
0.625799 39.589745
0.628799 39.580593
0.631798 39.571289
0.634798 39.561936
0.637798 39.552630
0.640798 39.543466
0.643798 39.534532
0.646797 39.525912
0.649797 39.517683
0.652797 39.509920
0.655797 39.502688
0.658797 39.496050
0.661796 39.490061
0.664796 39.484769
0.667796 39.480218
0.670796 39.476444
0.673795 39.473478
0.676795 39.471342
0.679795 39.470054
0.682795 39.469624

0.682795 0.000000
0.685244 0.259351
0.687693 0.518637
0.690143 0.777791
0.692592 1.036749
0.695041 1.295444
0.697491 1.553813
0.699940 1.811789
0.702389 2.069307
0.704839 2.326303
0.707288 2.582713
0.709737 2.838473
0.712187 3.093517
0.714636 3.347784
0.717085 3.601210
0.719535 3.853732
0.721984 4.105288
0.724433 4.355815
0.726882 4.605254
0.729332 4.853542
0.731781 5.100620
0.734231 5.346428
0.736680 5.590906
0.739129 5.833995
0.741578 6.075639
0.744028 6.315778
0.746477 6.554357
0.748926 6.791319
0.751376 7.026609
0.753825 7.260171
0.756274 7.491952
0.758724 7.721897
0.761173 7.949954
0.763622 8.176071
0.766072 8.400196
0.768521 8.622277
0.770970 8.842266
0.773420 9.060112
0.775869 9.275765
0.778318 9.489179
0.780767 9.700304
0.783217 9.909094
0.785666 10.115503
0.788115 10.319484
0.790565 10.520992
0.793014 10.719982
0.795463 10.916410
0.797913 11.110232
0.800362 11.301404
0.802811 11.489884
0.805261 11.675629
0.807710 11.858597
0.810159 12.038746
0.812609 12.216035
0.815058 12.390423
0.817507 12.561869
0.819957 12.730332
0.822406 12.895773
0.824855 13.058151
0.827305 13.217426
0.829754 13.373560
0.832203 13.526512
0.834653 13.676243
0.837102 13.822714
0.839551 13.965886
0.842001 14.105721
0.844450 14.242180
0.846899 14.375223
0.849348 14.504814
0.851798 14.630914
0.854247 14.753484
0.856696 14.872488
0.859146 14.987887
0.861595 15.099644
0.864044 15.207723
0.866494 15.312087
0.868943 15.412700
0.871392 15.509526
0.873842 15.602530
0.876291 15.691679
0.878740 15.776937
0.881189 15.858272
0.883639 15.935652
0.886088 16.009045
0.888537 16.078421
0.890987 16.143752
0.893436 16.205009
0.895886 16.262165
0.898335 16.315195
0.900784 16.364075
0.903233 16.408782
0.905683 16.449297
0.908132 16.485600
0.910581 16.517674
0.913031 16.545502
0.915480 16.569073
0.917929 16.588374
0.920379 16.603396
0.922828 16.614131
0.925277 16.620574
0.927727 16.622722


0.000000 0.000000
0.002828 0.333064
0.005657 0.666081
0.008485 0.999005
0.011313 1.331790
0.014141 1.664388
0.016969 1.996755
0.019798 2.328842
0.022626 2.660604
0.025454 2.991994
0.028282 3.322965
0.031110 3.653471
0.033939 3.983465
0.036767 4.312901
0.039595 4.641731
0.042423 4.969910
0.045252 5.297390
0.048080 5.624125
0.050908 5.950068
0.053736 6.275172
0.056565 6.599391
0.059393 6.922679
0.062221 7.244987
0.065049 7.566271
0.067877 7.886483
0.070706 8.205577
0.073534 8.523507
0.076362 8.840226
0.079190 9.155688
0.082019 9.469847
0.084847 9.782657
0.087675 10.094073
0.090503 10.404048
0.093331 10.712537
0.096160 11.019494
0.098988 11.324874
0.101816 11.628633
0.104645 11.930724
0.107473 12.231103
0.110301 12.529725
0.113129 12.826545
0.115957 13.121519
0.118786 13.414602
0.121614 13.705749
0.124442 13.994917
0.127270 14.282059
0.130099 14.567131
0.132927 14.850089
0.135755 15.130887
0.138583 15.409478
0.141411 15.685818
0.144240 15.959859
0.147068 16.231555
0.149896 16.500856
0.152724 16.767715
0.155553 17.032079
0.158381 17.293899
0.161209 17.553121
0.164037 17.809690
0.166865 18.063549
0.169694 18.314639
0.172522 18.562898
0.175350 18.808261
0.178178 19.050660
0.181007 19.290022
0.183835 19.526273
0.186663 19.759330
0.189491 19.989107
0.192320 20.215513
0.195148 20.438449
0.197976 20.657809
0.200804 20.873479
0.203632 21.085338
0.206461 21.293253
0.209289 21.497081
0.212117 21.696670
0.214945 21.891854
0.217774 22.082453
0.220602 22.268274
0.223430 22.449108
0.226258 22.624732
0.229086 22.794903
0.231915 22.959362
0.234743 23.117834
0.237571 23.270024
0.240399 23.415618
0.243228 23.554288
0.246056 23.685689
0.248884 23.809461
0.251712 23.925236
0.254541 24.032635
0.257369 24.131279
0.260197 24.220792
0.263025 24.300806
0.265854 24.370970
0.268682 24.430958
0.271510 24.480475
0.274338 24.519269
0.277166 24.547131
0.279995 24.563911
0.282823 24.569515

0.282823 33.086535
0.283823 33.086180
0.284823 33.085113
0.285823 33.083337
0.286823 33.080853
0.287822 33.077665
0.288822 33.073775
0.289822 33.069187
0.290822 33.063908
0.291822 33.057941
0.292822 33.051295
0.293822 33.043975
0.294822 33.035989
0.295822 33.027345
0.296822 33.018052
0.297822 33.008119
0.298822 32.997556
0.299822 32.986372
0.300822 32.974579
0.301822 32.962187
0.302822 32.949206
0.303821 32.935650
0.304821 32.921528
0.305821 32.906853
0.306821 32.891637
0.307821 32.875892
0.308821 32.859630
0.309821 32.842864
0.310821 32.825605
0.311821 32.807867
0.312821 32.789662
0.313821 32.771001
0.314821 32.751897
0.315821 32.732363
0.316821 32.712411
0.317820 32.692051
0.318820 32.671298
0.319820 32.650161
0.320820 32.628653
0.321820 32.606785
0.322820 32.584568
0.323820 32.562014
0.324820 32.539133
0.325820 32.515937
0.326820 32.492434
0.327820 32.468636
0.328820 32.444554
0.329820 32.420195
0.330819 32.395572
0.331819 32.370692
0.332819 32.345565
0.333819 32.320200
0.334819 32.294606
0.335819 32.268791
0.336819 32.242764
0.337819 32.216532
0.338819 32.190105
0.339819 32.163489
0.340819 32.136693
0.341819 32.109722
0.342819 32.082585
0.343819 32.055289
0.344818 32.027839
0.345818 32.000243
0.346818 31.972507
0.347818 31.944637
0.348818 31.916639
0.349818 31.888518
0.350818 31.860281
0.351818 31.831932
0.352818 31.803476
0.353818 31.774920
0.354818 31.746266
0.355818 31.717521
0.356818 31.688689
0.357818 31.659773
0.358818 31.630779
0.359818 31.601709
0.360817 31.572568
0.361817 31.543359
0.362817 31.514087
0.363817 31.484753
0.364817 31.455361
0.365817 31.425915
0.366817 31.396417
0.367817 31.366870
0.368817 31.337275
0.369817 31.307637
0.370817 31.277956
0.371817 31.248234
0.372817 31.218475
0.373816 31.188679
0.374816 31.158848
0.375816 31.128984
0.376816 31.099087
0.377816 31.069159
0.378816 31.039202
0.379816 31.009215
0.380816 30.979199
0.381816 30.949156
0.382816 30.919085

0.382816 30.919085
0.385816 30.828709
0.388815 30.738087
0.391815 30.647205
0.394815 30.556040
0.397815 30.464556
0.400815 30.372704
0.403814 30.280425
0.406814 30.187648
0.409814 30.094288
0.412814 30.000251
0.415814 29.905430
0.418813 29.809705
0.421813 29.712946
0.424813 29.615010
0.427813 29.515743
0.430812 29.414980
0.433812 29.312544
0.436812 29.208249
0.439812 29.101897
0.442812 28.993280
0.445811 28.882182
0.448811 28.768378
0.451811 28.651633
0.454811 28.531707
0.457811 28.408353
0.460810 28.281317
0.463810 28.150342
0.466810 28.015168
0.469810 27.875530
0.472809 27.731164
0.475809 27.581806
0.478809 27.427193
0.481809 27.267064
0.484809 27.101162
0.487808 26.929236
0.490808 26.751041
0.493808 26.566338
0.496808 26.374898
0.499808 26.176501
0.502807 25.970938
0.505807 25.758012
0.508807 25.537537
0.511807 25.309340
0.514807 25.073263
0.517806 24.829158
0.520806 24.576896
0.523806 24.316359
0.526806 24.047445
0.529806 23.770065
0.532805 23.484147
0.535805 23.189631
0.538805 22.886473
0.541805 22.574642
0.544805 22.254120
0.547804 21.924904
0.550804 21.587004
0.553804 21.240441
0.556804 20.885250
0.559803 20.521476
0.562803 20.149179
0.565803 19.768427
0.568803 19.379300
0.571803 18.981887
0.574802 18.576290
0.577802 18.162619
0.580802 17.740993
0.583802 17.311539
0.586801 16.874396
0.589801 16.429710
0.592801 15.977632
0.595801 15.518326
0.598801 15.051960
0.601800 14.578710
0.604800 14.098760
0.607800 13.612299
0.610800 13.119525
0.613800 12.620639
0.616799 12.115852
0.619799 11.605376
0.622799 11.089433
0.625799 10.568248
0.628799 10.042051
0.631798 9.511078
0.634798 8.975567
0.637798 8.435764
0.640798 7.891917
0.643798 7.344277
0.646797 6.793100
0.649797 6.238646
0.652797 5.681176
0.655797 5.120955
0.658797 4.558251
0.661796 3.993335
0.664796 3.426477
0.667796 2.857952
0.670796 2.288035
0.673795 1.717003
0.676795 1.145134
0.679795 0.572707
0.682795 0.000000

0.682795 0.000000
0.685244 0.476076
0.687693 0.952050
0.690143 1.427819
0.692592 1.903282
0.695041 2.378336
0.697491 2.852880
0.699940 3.326813
0.702389 3.800031
0.704839 4.272436
0.707288 4.743925
0.709737 5.214398
0.712187 5.683755
0.714636 6.151897
0.717085 6.618723
0.719535 7.084136
0.721984 7.548036
0.724433 8.010327
0.726882 8.470910
0.729332 8.929690
0.731781 9.386571
0.734231 9.841458
0.736680 10.294255
0.739129 10.744870
0.741578 11.193210
0.744028 11.639183
0.746477 12.082697
0.748926 12.523662
0.751376 12.961989
0.753825 13.397590
0.756274 13.830377
0.758724 14.260264
0.761173 14.687165
0.763622 15.110997
0.766072 15.531675
0.768521 15.949118
0.770970 16.363245
0.773420 16.773976
0.775869 17.181231
0.778318 17.584933
0.780767 17.985007
0.783217 18.381375
0.785666 18.773964
0.788115 19.162701
0.790565 19.547513
0.793014 19.928330
0.795463 20.305081
0.797913 20.677698
0.800362 21.046113
0.802811 21.410258
0.805261 21.770068
0.807710 22.125477
0.810159 22.476420
0.812609 22.822834
0.815058 23.164655
0.817507 23.501819
0.819957 23.834266
0.822406 24.161931
0.824855 24.484752
0.827305 24.802668
0.829754 25.115614
0.832203 25.423527
0.834653 25.726343
0.837102 26.023995
0.839551 26.316418
0.842001 26.603541
0.844450 26.885295
0.846899 27.161606
0.849348 27.432397
0.851798 27.697588
0.854247 27.957096
0.856696 28.210830
0.859146 28.458698
0.861595 28.700599
0.864044 28.936427
0.866494 29.166066
0.868943 29.389393
0.871392 29.606277
0.873842 29.816574
0.876291 30.020129
0.878740 30.216777
0.881189 30.406337
0.883639 30.588614
0.886088 30.763400
0.888537 30.930470
0.890987 31.089582
0.893436 31.240479
0.895886 31.382890
0.898335 31.516528
0.900784 31.641094
0.903233 31.756278
0.905683 31.861766
0.908132 31.957239
0.910581 32.042386
0.913031 32.116904
0.915480 32.180507
0.917929 32.232936
0.920379 32.273966
0.922828 32.303411
0.925277 32.321134
0.927727 32.327052


0.000000 39.469624
0.002828 39.468909
0.005657 39.466762
0.008485 39.463183
0.011313 39.458167
0.014141 39.451709
0.016969 39.443803
0.019798 39.434441
0.022626 39.423614
0.025454 39.411313
0.028282 39.397525
0.031110 39.382238
0.033939 39.365438
0.036767 39.347112
0.039595 39.327242
0.042423 39.305813
0.045252 39.282808
0.048080 39.258208
0.050908 39.231996
0.053736 39.204153
0.056565 39.174659
0.059393 39.143495
0.062221 39.110642
0.065049 39.076080
0.067877 39.039789
0.070706 39.001751
0.073534 38.961947
0.076362 38.920357
0.079190 38.876965
0.082019 38.831753
0.084847 38.784705
0.087675 38.735805
0.090503 38.685039
0.093331 38.632395
0.096160 38.577859
0.098988 38.521422
0.101816 38.463074
0.104645 38.402809
0.107473 38.340621
0.110301 38.276506
0.113129 38.210462
0.115957 38.142490
0.118786 38.072593
0.121614 38.000775
0.124442 37.927044
0.127270 37.851409
0.130099 37.773884
0.132927 37.694483
0.135755 37.613224
0.138583 37.530128
0.141411 37.445220
0.144240 37.358527
0.147068 37.270080
0.149896 37.179912
0.152724 37.088061
0.155553 36.994570
0.158381 36.899483
0.161209 36.802850
0.164037 36.704726
0.166865 36.605167
0.169694 36.504238
0.172522 36.402007
0.175350 36.298546
0.178178 36.193935
0.181007 36.088258
0.183835 35.981607
0.186663 35.874079
0.189491 35.765778
0.192320 35.656816
0.195148 35.547314
0.197976 35.437400
0.200804 35.327212
0.203632 35.216898
0.206461 35.106616
0.209289 34.996535
0.212117 34.886836
0.214945 34.777715
0.217774 34.669379
0.220602 34.562050
0.223430 34.455967
0.226258 34.351382
0.229086 34.248567
0.231915 34.147808
0.234743 34.049410
0.237571 33.953697
0.240399 33.861006
0.243228 33.771693
0.246056 33.686129
0.248884 33.604695
0.251712 33.527785
0.254541 33.455795
0.257369 33.389127
0.260197 33.328173
0.263025 33.273319
0.265854 33.224930
0.268682 33.183344
0.271510 33.148868
0.274338 33.121765
0.277166 33.102246
0.279995 33.090471
0.282823 33.086535

0.282823 33.086535
0.283823 33.086600
0.284823 33.086794
0.285823 33.087118
0.286823 33.087571
0.287822 33.088154
0.288822 33.088868
0.289822 33.089711
0.290822 33.090685
0.291822 33.091789
0.292822 33.093025
0.293822 33.094393
0.294822 33.095892
0.295822 33.097524
0.296822 33.099289
0.297822 33.101187
0.298822 33.103220
0.299822 33.105388
0.300822 33.107691
0.301822 33.110130
0.302822 33.112706
0.303821 33.115421
0.304821 33.118273
0.305821 33.121266
0.306821 33.124398
0.307821 33.127672
0.308821 33.131088
0.309821 33.134648
0.310821 33.138352
0.311821 33.142201
0.312821 33.146197
0.313821 33.150340
0.314821 33.154632
0.315821 33.159074
0.316821 33.163667
0.317820 33.168412
0.318820 33.173311
0.319820 33.178365
0.320820 33.183575
0.321820 33.188943
0.322820 33.194469
0.323820 33.200155
0.324820 33.206003
0.325820 33.212014
0.326820 33.218189
0.327820 33.224530
0.328820 33.231038
0.329820 33.237714
0.330819 33.244561
0.331819 33.251579
0.332819 33.258770
0.333819 33.266135
0.334819 33.273676
0.335819 33.281395
0.336819 33.289292
0.337819 33.297369
0.338819 33.305629
0.339819 33.314071
0.340819 33.322699
0.341819 33.331512
0.342819 33.340513
0.343819 33.349703
0.344818 33.359084
0.345818 33.368656
0.346818 33.378422
0.347818 33.388383
0.348818 33.398540
0.349818 33.408894
0.350818 33.419447
0.351818 33.430201
0.352818 33.441155
0.353818 33.452313
0.354818 33.463675
0.355818 33.475242
0.356818 33.487015
0.357818 33.498996
0.358818 33.511186
0.359818 33.523587
0.360817 33.536198
0.361817 33.549021
0.362817 33.562058
0.363817 33.575308
0.364817 33.588774
0.365817 33.602456
0.366817 33.616355
0.367817 33.630472
0.368817 33.644807
0.369817 33.659362
0.370817 33.674137
0.371817 33.689132
0.372817 33.704349
0.373816 33.719788
0.374816 33.735449
0.375816 33.751333
0.376816 33.767441
0.377816 33.783773
0.378816 33.800328
0.379816 33.817108
0.380816 33.834113
0.381816 33.851342
0.382816 33.868797

0.382816 32.852617
0.385816 32.630864
0.388815 32.404120
0.391815 32.172555
0.394815 31.936515
0.397815 31.699500
0.400815 31.445973
0.403814 31.196925
0.406814 30.942606
0.409814 30.683877
0.412814 30.420967
0.415814 30.154025
0.418813 29.883180
0.421813 29.608551
0.424813 29.330254
0.427813 29.048404
0.430812 28.763113
0.433812 28.474491
0.436812 28.182646
0.439812 27.887685
0.442812 27.589715
0.445811 27.288839
0.448811 26.985159
0.451811 26.678775
0.454811 26.369787
0.457811 26.058291
0.460810 25.744381
0.463810 25.428150
0.466810 25.109689
0.469810 24.789087
0.472809 24.466431
0.475809 24.141804
0.478809 23.815290
0.481809 23.486968
0.484809 23.156918
0.487808 22.825215
0.490808 22.491933
0.493808 22.157145
0.496808 21.820921
0.499808 21.483329
0.502807 21.144434
0.505807 20.804302
0.508807 20.462995
0.511807 20.120572
0.514807 19.777094
0.517806 19.432616
0.520806 19.087193
0.523806 18.740881
0.526806 18.393729
0.529806 18.045789
0.532805 17.697108
0.535805 17.347736
0.538805 16.997716
0.541805 16.647094
0.544805 16.295912
0.547804 15.944212
0.550804 15.592034
0.553804 15.239416
0.556804 14.886397
0.559803 14.533012
0.562803 14.179297
0.565803 13.825286
0.568803 13.471009
0.571803 13.116500
0.574802 12.761787
0.577802 12.406900
0.580802 12.051866
0.583802 11.696710
0.586801 11.341458
0.589801 10.986134
0.592801 10.630758
0.595801 10.275354
0.598801 9.919938
0.601800 9.564531
0.604800 9.209148
0.607800 8.853806
0.610800 8.498517
0.613800 8.143295
0.616799 7.788150
0.619799 7.433093
0.622799 7.078131
0.625799 6.723271
0.628799 6.368520
0.631798 6.013880
0.634798 5.659354
0.637798 5.304944
0.640798 4.950650
0.643798 4.596470
0.646797 4.242401
0.649797 3.888441
0.652797 3.534585
0.655797 3.180826
0.658797 2.827157
0.661796 2.473572
0.664796 2.120060
0.667796 1.766614
0.670796 1.413224
0.673795 1.059878
0.676795 0.706566
0.679795 0.353277
0.682795 0.000000

0.682795 39.469624
0.685244 39.469821
0.687693 39.470410
0.690143 39.471389
0.692592 39.472754
0.695041 39.474498
0.697491 39.476613
0.699940 39.479089
0.702389 39.481916
0.704839 39.485079
0.707288 39.488564
0.709737 39.492354
0.712187 39.496432
0.714636 39.500778
0.717085 39.505370
0.719535 39.510186
0.721984 39.515202
0.724433 39.520392
0.726882 39.525731
0.729332 39.531189
0.731781 39.536738
0.734231 39.542348
0.736680 39.547986
0.739129 39.553622
0.741578 39.559221
0.744028 39.564749
0.746477 39.570171
0.748926 39.575453
0.751376 39.580556
0.753825 39.585444
0.756274 39.590080
0.758724 39.594426
0.761173 39.598443
0.763622 39.602092
0.766072 39.605335
0.768521 39.608132
0.770970 39.610445
0.773420 39.612233
0.775869 39.613458
0.778318 39.614081
0.780767 39.614062
0.783217 39.613363
0.785666 39.611945
0.788115 39.609771
0.790565 39.606803
0.793014 39.603005
0.795463 39.598340
0.797913 39.592772
0.800362 39.586267
0.802811 39.578792
0.805261 39.570313
0.807710 39.560800
0.810159 39.550221
0.812609 39.538548
0.815058 39.525753
0.817507 39.511811
0.819957 39.496698
0.822406 39.480391
0.824855 39.462870
0.827305 39.444118
0.829754 39.424120
0.832203 39.402863
0.834653 39.380338
0.837102 39.356539
0.839551 39.331462
0.842001 39.305111
0.844450 39.277489
0.846899 39.248608
0.849348 39.218483
0.851798 39.187136
0.854247 39.154593
0.856696 39.120888
0.859146 39.086064
0.861595 39.050169
0.864044 39.013262
0.866494 38.975412
0.868943 38.936696
0.871392 38.897205
0.873842 38.857041
0.876291 38.816320
0.878740 38.775172
0.881189 38.733742
0.883639 38.692192
0.886088 38.650699
0.888537 38.609459
0.890987 38.568686
0.893436 38.528611
0.895886 38.489483
0.898335 38.451565
0.900784 38.415136
0.903233 38.380486
0.905683 38.347915
0.908132 38.317723
0.910581 38.290209
0.913031 38.265666
0.915480 38.244366
0.917929 38.226560
0.920379 38.212467
0.922828 38.202267
0.925277 38.196091
0.927727 38.194024


0.000000 39.469624
0.002828 39.470368
0.005657 39.472598
0.008485 39.476305
0.011313 39.481477
0.014141 39.488096
0.016969 39.496138
0.019798 39.505576
0.022626 39.516375
0.025454 39.528499
0.028282 39.541904
0.031110 39.556544
0.033939 39.572366
0.036767 39.589316
0.039595 39.607333
0.042423 39.626354
0.045252 39.646312
0.048080 39.667136
0.050908 39.688752
0.053736 39.711083
0.056565 39.734049
0.059393 39.757570
0.062221 39.781559
0.065049 39.805930
0.067877 39.830596
0.070706 39.855465
0.073534 39.880447
0.076362 39.905450
0.079190 39.930379
0.082019 39.955141
0.084847 39.979642
0.087675 40.003786
0.090503 40.027480
0.093331 40.050628
0.096160 40.073137
0.098988 40.094913
0.101816 40.115863
0.104645 40.135896
0.107473 40.154919
0.110301 40.172845
0.113129 40.189585
0.115957 40.205051
0.118786 40.219159
0.121614 40.231825
0.124442 40.242968
0.127270 40.252507
0.130099 40.260364
0.132927 40.266465
0.135755 40.270734
0.138583 40.273099
0.141411 40.273492
0.144240 40.271845
0.147068 40.268091
0.149896 40.262168
0.152724 40.254014
0.155553 40.243570
0.158381 40.230778
0.161209 40.215584
0.164037 40.197935
0.166865 40.177778
0.169694 40.155064
0.172522 40.129746
0.175350 40.101778
0.178178 40.071114
0.181007 40.037713
0.183835 40.001533
0.186663 39.962533
0.189491 39.920676
0.192320 39.875923
0.195148 39.828238
0.197976 39.777586
0.200804 39.723931
0.203632 39.667241
0.206461 39.607482
0.209289 39.544622
0.212117 39.478629
0.214945 39.409471
0.217774 39.337118
0.220602 39.261538
0.223430 39.182702
0.226258 39.100577
0.229086 39.015135
0.231915 38.926344
0.234743 38.834173
0.237571 38.738593
0.240399 38.639572
0.243228 38.537079
0.246056 38.431082
0.248884 38.321550
0.251712 38.208450
0.254541 38.091750
0.257369 37.971417
0.260197 37.847417
0.263025 37.719717
0.265854 37.588284
0.268682 37.453081
0.271510 37.314074
0.274338 37.171229
0.277166 37.024509
0.279995 36.873879
0.282823 36.719302

0.282823 36.719302
0.283823 36.719551
0.284823 36.720297
0.285823 36.721539
0.286823 36.723276
0.287822 36.725504
0.288822 36.728220
0.289822 36.731421
0.290822 36.735100
0.291822 36.739254
0.292822 36.743875
0.293822 36.748957
0.294822 36.754493
0.295822 36.760474
0.296822 36.766893
0.297822 36.773740
0.298822 36.781006
0.299822 36.788681
0.300822 36.796755
0.301822 36.805218
0.302822 36.814059
0.303821 36.823267
0.304821 36.832830
0.305821 36.842738
0.306821 36.852978
0.307821 36.863539
0.308821 36.874409
0.309821 36.885576
0.310821 36.897029
0.311821 36.908755
0.312821 36.920743
0.313821 36.932980
0.314821 36.945455
0.315821 36.958157
0.316821 36.971073
0.317820 36.984192
0.318820 36.997503
0.319820 37.010994
0.320820 37.024655
0.321820 37.038475
0.322820 37.052443
0.323820 37.066548
0.324820 37.080780
0.325820 37.095129
0.326820 37.109585
0.327820 37.124138
0.328820 37.138778
0.329820 37.153497
0.330819 37.168286
0.331819 37.183134
0.332819 37.198034
0.333819 37.212978
0.334819 37.227956
0.335819 37.242960
0.336819 37.257984
0.337819 37.273019
0.338819 37.288057
0.339819 37.303092
0.340819 37.318116
0.341819 37.333122
0.342819 37.348105
0.343819 37.363056
0.344818 37.377971
0.345818 37.392842
0.346818 37.407664
0.347818 37.422431
0.348818 37.437137
0.349818 37.451777
0.350818 37.466345
0.351818 37.480837
0.352818 37.495248
0.353818 37.509572
0.354818 37.523805
0.355818 37.537942
0.356818 37.551979
0.357818 37.565912
0.358818 37.579737
0.359818 37.593449
0.360817 37.607045
0.361817 37.620520
0.362817 37.633873
0.363817 37.647098
0.364817 37.660193
0.365817 37.673154
0.366817 37.685978
0.367817 37.698663
0.368817 37.711205
0.369817 37.723602
0.370817 37.735850
0.371817 37.747948
0.372817 37.759893
0.373816 37.771682
0.374816 37.783314
0.375816 37.794786
0.376816 37.806095
0.377816 37.817241
0.378816 37.828222
0.379816 37.839035
0.380816 37.849679
0.381816 37.860152
0.382816 37.870453

0.382816 33.868797
0.385816 33.922509
0.388815 33.978245
0.391815 34.035997
0.394815 34.095754
0.397815 34.157500
0.400815 34.221214
0.403814 34.286870
0.406814 34.354435
0.409814 34.423873
0.412814 34.495141
0.415814 34.568193
0.418813 34.642976
0.421813 34.719432
0.424813 34.797501
0.427813 34.877114
0.430812 34.958200
0.433812 35.040684
0.436812 35.124485
0.439812 35.209520
0.442812 35.295701
0.445811 35.382937
0.448811 35.471135
0.451811 35.560197
0.454811 35.650024
0.457811 35.740515
0.460810 35.831567
0.463810 35.923073
0.466810 36.014929
0.469810 36.107028
0.472809 36.199261
0.475809 36.291522
0.478809 36.383703
0.481809 36.475697
0.484809 36.567397
0.487808 36.658700
0.490808 36.749501
0.493808 36.839698
0.496808 36.929193
0.499808 37.017888
0.502807 37.105688
0.505807 37.192502
0.508807 37.278241
0.511807 37.362819
0.514807 37.446156
0.517806 37.528173
0.520806 37.608797
0.523806 37.687958
0.526806 37.765590
0.529806 37.841633
0.532805 37.916030
0.535805 37.988729
0.538805 38.059684
0.541805 38.128851
0.544805 38.196193
0.547804 38.261677
0.550804 38.325276
0.553804 38.386965
0.556804 38.446728
0.559803 38.504549
0.562803 38.560420
0.565803 38.614335
0.568803 38.666296
0.571803 38.716305
0.574802 38.764371
0.577802 38.810507
0.580802 38.854728
0.583802 38.897053
0.586801 38.937507
0.589801 38.976114
0.592801 39.012906
0.595801 39.047913
0.598801 39.081170
0.601800 39.112715
0.604800 39.142587
0.607800 39.170825
0.610800 39.197473
0.613800 39.222574
0.616799 39.246172
0.619799 39.268312
0.622799 39.289040
0.625799 39.308402
0.628799 39.326443
0.631798 39.343209
0.634798 39.358742
0.637798 39.373088
0.640798 39.386288
0.643798 39.398382
0.646797 39.409411
0.649797 39.419410
0.652797 39.428416
0.655797 39.436460
0.658797 39.443573
0.661796 39.449783
0.664796 39.455113
0.667796 39.459586
0.670796 39.463220
0.673795 39.466031
0.676795 39.468030
0.679795 39.469226
0.682795 39.469624

0.682795 39.469624
0.685244 39.469268
0.687693 39.468201
0.690143 39.466422
0.692592 39.463930
0.695041 39.460725
0.697491 39.456804
0.699940 39.452167
0.702389 39.446811
0.704839 39.440733
0.707288 39.433933
0.709737 39.426407
0.712187 39.418153
0.714636 39.409167
0.717085 39.399447
0.719535 39.388990
0.721984 39.377794
0.724433 39.365855
0.726882 39.353170
0.729332 39.339738
0.731781 39.325555
0.734231 39.310619
0.736680 39.294930
0.739129 39.278484
0.741578 39.261282
0.744028 39.243323
0.746477 39.224606
0.748926 39.205133
0.751376 39.184904
0.753825 39.163922
0.756274 39.142188
0.758724 39.119708
0.761173 39.096485
0.763622 39.072524
0.766072 39.047832
0.768521 39.022416
0.770970 38.996285
0.773420 38.969449
0.775869 38.941917
0.778318 38.913704
0.780767 38.884821
0.783217 38.855284
0.785666 38.825109
0.788115 38.794313
0.790565 38.762915
0.793014 38.730936
0.795463 38.698398
0.797913 38.665325
0.800362 38.631740
0.802811 38.597672
0.805261 38.563148
0.807710 38.528198
0.810159 38.492853
0.812609 38.457147
0.815058 38.421113
0.817507 38.384788
0.819957 38.348209
0.822406 38.311417
0.824855 38.274450
0.827305 38.237351
0.829754 38.200165
0.832203 38.162934
0.834653 38.125707
0.837102 38.088529
0.839551 38.051450
0.842001 38.014520
0.844450 37.977788
0.846899 37.941306
0.849348 37.905128
0.851798 37.869306
0.854247 37.833894
0.856696 37.798946
0.859146 37.764517
0.861595 37.730662
0.864044 37.697436
0.866494 37.664895
0.868943 37.633093
0.871392 37.602084
0.873842 37.571923
0.876291 37.542664
0.878740 37.514359
0.881189 37.487061
0.883639 37.460819
0.886088 37.435683
0.888537 37.411701
0.890987 37.388920
0.893436 37.367383
0.895886 37.347134
0.898335 37.328213
0.900784 37.310658
0.903233 37.294504
0.905683 37.279785
0.908132 37.266531
0.910581 37.254770
0.913031 37.244527
0.915480 37.235822
0.917929 37.228674
0.920379 37.223099
0.922828 37.219109
0.925277 37.216711
0.927727 37.215911


0.000000 39.469624
0.002828 39.468909
0.005657 39.466762
0.008485 39.463183
0.011313 39.458167
0.014141 39.451709
0.016969 39.443803
0.019798 39.434441
0.022626 39.423614
0.025454 39.411313
0.028282 39.397525
0.031110 39.382238
0.033939 39.365438
0.036767 39.347112
0.039595 39.327242
0.042423 39.305813
0.045252 39.282808
0.048080 39.258208
0.050908 39.231996
0.053736 39.204153
0.056565 39.174659
0.059393 39.143495
0.062221 39.110642
0.065049 39.076080
0.067877 39.039789
0.070706 39.001751
0.073534 38.961947
0.076362 38.920357
0.079190 38.876965
0.082019 38.831753
0.084847 38.784705
0.087675 38.735805
0.090503 38.685039
0.093331 38.632395
0.096160 38.577859
0.098988 38.521422
0.101816 38.463074
0.104645 38.402809
0.107473 38.340621
0.110301 38.276506
0.113129 38.210462
0.115957 38.142490
0.118786 38.072593
0.121614 38.000775
0.124442 37.927044
0.127270 37.851409
0.130099 37.773884
0.132927 37.694483
0.135755 37.613224
0.138583 37.530128
0.141411 37.445220
0.144240 37.358527
0.147068 37.270080
0.149896 37.179912
0.152724 37.088061
0.155553 36.994570
0.158381 36.899483
0.161209 36.802850
0.164037 36.704726
0.166865 36.605167
0.169694 36.504238
0.172522 36.402007
0.175350 36.298546
0.178178 36.193935
0.181007 36.088258
0.183835 35.981607
0.186663 35.874079
0.189491 35.765778
0.192320 35.656816
0.195148 35.547314
0.197976 35.437400
0.200804 35.327212
0.203632 35.216898
0.206461 35.106616
0.209289 34.996535
0.212117 34.886836
0.214945 34.777715
0.217774 34.669379
0.220602 34.562050
0.223430 34.455967
0.226258 34.351382
0.229086 34.248567
0.231915 34.147808
0.234743 34.049410
0.237571 33.953697
0.240399 33.861006
0.243228 33.771693
0.246056 33.686129
0.248884 33.604695
0.251712 33.527785
0.254541 33.455795
0.257369 33.389127
0.260197 33.328173
0.263025 33.273319
0.265854 33.224930
0.268682 33.183344
0.271510 33.148868
0.274338 33.121765
0.277166 33.102246
0.279995 33.090471
0.282823 33.086535

0.282823 36.719302
0.283823 36.718892
0.284823 36.717664
0.285823 36.715618
0.286823 36.712753
0.287822 36.709069
0.288822 36.704568
0.289822 36.699249
0.290822 36.693113
0.291822 36.686160
0.292822 36.678391
0.293822 36.669806
0.294822 36.660405
0.295822 36.650190
0.296822 36.639162
0.297822 36.627320
0.298822 36.614666
0.299822 36.601201
0.300822 36.586925
0.301822 36.571840
0.302822 36.555947
0.303821 36.539247
0.304821 36.521740
0.305821 36.503429
0.306821 36.484314
0.307821 36.464397
0.308821 36.443680
0.309821 36.422163
0.310821 36.399848
0.311821 36.376737
0.312821 36.352832
0.313821 36.328133
0.314821 36.302643
0.315821 36.276364
0.316821 36.249297
0.317820 36.221444
0.318820 36.192807
0.319820 36.163388
0.320820 36.133190
0.321820 36.102213
0.322820 36.070461
0.323820 36.037936
0.324820 36.004639
0.325820 35.970573
0.326820 35.935741
0.327820 35.900144
0.328820 35.863786
0.329820 35.826668
0.330819 35.788793
0.331819 35.750163
0.332819 35.710782
0.333819 35.670652
0.334819 35.629776
0.335819 35.588156
0.336819 35.545795
0.337819 35.502696
0.338819 35.458862
0.339819 35.414296
0.340819 35.369000
0.341819 35.322978
0.342819 35.276233
0.343819 35.228767
0.344818 35.180585
0.345818 35.131689
0.346818 35.082081
0.347818 35.031767
0.348818 34.980748
0.349818 34.929028
0.350818 34.876611
0.351818 34.823499
0.352818 34.769697
0.353818 34.715207
0.354818 34.660034
0.355818 34.604180
0.356818 34.547649
0.357818 34.490445
0.358818 34.432572
0.359818 34.374032
0.360817 34.314830
0.361817 34.254970
0.362817 34.194454
0.363817 34.133288
0.364817 34.071474
0.365817 34.009017
0.366817 33.945920
0.367817 33.882187
0.368817 33.817822
0.369817 33.752829
0.370817 33.687213
0.371817 33.620976
0.372817 33.554123
0.373816 33.486658
0.374816 33.418585
0.375816 33.349909
0.376816 33.280632
0.377816 33.210760
0.378816 33.140297
0.379816 33.069247
0.380816 32.997614
0.381816 32.925403
0.382816 32.852617

0.382816 37.870453
0.385816 37.900309
0.388815 37.928572
0.391815 37.955216
0.394815 37.980223
0.397815 38.003581
0.400815 38.025288
0.403814 38.045344
0.406814 38.063760
0.409814 38.080552
0.412814 38.095743
0.415814 38.109362
0.418813 38.121448
0.421813 38.132043
0.424813 38.141198
0.427813 38.148969
0.430812 38.155421
0.433812 38.160624
0.436812 38.164655
0.439812 38.167596
0.442812 38.169536
0.445811 38.170569
0.448811 38.170797
0.451811 38.170321
0.454811 38.169253
0.457811 38.167704
0.460810 38.165790
0.463810 38.163629
0.466810 38.161342
0.469810 38.159048
0.472809 38.156869
0.475809 38.154926
0.478809 38.153336
0.481809 38.152214
0.484809 38.151674
0.487808 38.151824
0.490808 38.152765
0.493808 38.154594
0.496808 38.157402
0.499808 38.161270
0.502807 38.166272
0.505807 38.172476
0.508807 38.179936
0.511807 38.188701
0.514807 38.198808
0.517806 38.210287
0.520806 38.223156
0.523806 38.237425
0.526806 38.253093
0.529806 38.270152
0.532805 38.288584
0.535805 38.308363
0.538805 38.329456
0.541805 38.351821
0.544805 38.375410
0.547804 38.400168
0.550804 38.426036
0.553804 38.452948
0.556804 38.480833
0.559803 38.509617
0.562803 38.539223
0.565803 38.569569
0.568803 38.600572
0.571803 38.632145
0.574802 38.664203
0.577802 38.696655
0.580802 38.729414
0.583802 38.762388
0.586801 38.795490
0.589801 38.828628
0.592801 38.861715
0.595801 38.894662
0.598801 38.927382
0.601800 38.959791
0.604800 38.991805
0.607800 39.023341
0.610800 39.054319
0.613800 39.084662
0.616799 39.114294
0.619799 39.143143
0.622799 39.171137
0.625799 39.198210
0.628799 39.224295
0.631798 39.249332
0.634798 39.273260
0.637798 39.296024
0.640798 39.317571
0.643798 39.337852
0.646797 39.356819
0.649797 39.374429
0.652797 39.390643
0.655797 39.405424
0.658797 39.418738
0.661796 39.430557
0.664796 39.440853
0.667796 39.449603
0.670796 39.456790
0.673795 39.462395
0.676795 39.466408
0.679795 39.468820
0.682795 39.469624

0.682795 39.469624
0.685244 39.469268
0.687693 39.468201
0.690143 39.466422
0.692592 39.463930
0.695041 39.460725
0.697491 39.456804
0.699940 39.452167
0.702389 39.446811
0.704839 39.440733
0.707288 39.433933
0.709737 39.426407
0.712187 39.418153
0.714636 39.409167
0.717085 39.399447
0.719535 39.388990
0.721984 39.377794
0.724433 39.365855
0.726882 39.353170
0.729332 39.339738
0.731781 39.325555
0.734231 39.310619
0.736680 39.294930
0.739129 39.278484
0.741578 39.261282
0.744028 39.243323
0.746477 39.224606
0.748926 39.205133
0.751376 39.184904
0.753825 39.163922
0.756274 39.142188
0.758724 39.119708
0.761173 39.096485
0.763622 39.072524
0.766072 39.047832
0.768521 39.022416
0.770970 38.996285
0.773420 38.969449
0.775869 38.941917
0.778318 38.913704
0.780767 38.884821
0.783217 38.855284
0.785666 38.825109
0.788115 38.794313
0.790565 38.762915
0.793014 38.730936
0.795463 38.698398
0.797913 38.665325
0.800362 38.631740
0.802811 38.597672
0.805261 38.563148
0.807710 38.528198
0.810159 38.492853
0.812609 38.457147
0.815058 38.421113
0.817507 38.384788
0.819957 38.348209
0.822406 38.311417
0.824855 38.274450
0.827305 38.237351
0.829754 38.200165
0.832203 38.162934
0.834653 38.125707
0.837102 38.088529
0.839551 38.051450
0.842001 38.014520
0.844450 37.977788
0.846899 37.941306
0.849348 37.905128
0.851798 37.869306
0.854247 37.833894
0.856696 37.798946
0.859146 37.764517
0.861595 37.730662
0.864044 37.697436
0.866494 37.664895
0.868943 37.633093
0.871392 37.602084
0.873842 37.571923
0.876291 37.542664
0.878740 37.514359
0.881189 37.487061
0.883639 37.460819
0.886088 37.435683
0.888537 37.411701
0.890987 37.388920
0.893436 37.367383
0.895886 37.347134
0.898335 37.328213
0.900784 37.310658
0.903233 37.294504
0.905683 37.279785
0.908132 37.266531
0.910581 37.254770
0.913031 37.244527
0.915480 37.235822
0.917929 37.228674
0.920379 37.223099
0.922828 37.219109
0.925277 37.216711
0.927727 37.215911


