0.00000000 0.01763193
0.00300875 0.31931838
0.00601751 0.63793527
0.00902626 0.95677237
0.01203502 1.27573633
0.01504377 1.59483023
0.01805252 1.91407227
0.02106128 2.23348389
0.02407003 2.55308662
0.02707879 2.87290087
0.03008754 3.19294525
0.03309629 3.51323622
0.03610505 3.83378774
0.03911380 4.15461099
0.04212255 4.47571422
0.04513131 4.79710245
0.04814006 5.11877737
0.05114882 5.44073712
0.05415757 5.76297619
0.05716632 6.08548524
0.06017508 6.40825105
0.06318383 6.73125636
0.06619259 7.05447985
0.06920134 7.37789603
0.07221009 7.70147521
0.07521885 8.02518351
0.07822760 8.34898277
0.08123636 8.67283061
0.08424511 8.99668041
0.08725386 9.32048135
0.09026262 9.64417845
0.09327137 9.96771264
0.09628012 10.29102077
0.09928888 10.61403575
0.10229763 10.93668658
0.10530639 11.25889847
0.10831514 11.58059293
0.11132389 11.90168787
0.11433265 12.22209771
0.11734140 12.54173348
0.12035016 12.86050295
0.12335891 13.17831074
0.12636766 13.49505842
0.12937642 13.81064460
0.13238517 14.12496507
0.13539393 14.43791289
0.13840268 14.74937843
0.14141143 15.05924950
0.14442019 15.36741139
0.14742894 15.67374689
0.15043769 15.97813638
0.15344645 16.28045777
0.15645520 16.58058653
0.15946396 16.87839562
0.16247271 17.17375544
0.16548146 17.46653369
0.16849022 17.75659527
0.17149897 18.04380204
0.17450773 18.32801265
0.17751648 18.60908219
0.18052523 18.88686193
0.18353399 19.16119884
0.18654274 19.43193518
0.18955150 19.69890794
0.19256025 19.96194825
0.19556900 20.22088065
0.19857776 20.47552234
0.20158651 20.72568230
0.20459527 20.97116028
0.20760402 21.21174582
0.21061277 21.44721703
0.21362153 21.67733936
0.21663028 21.90186434
0.21963903 22.12052814
0.22264779 22.33305021
0.22565654 22.53913195
0.22866530 22.73845529
0.23167405 22.93068164
0.23468280 23.11545087
0.23769156 23.29238081
0.24070031 23.46106713
0.24370907 23.62108392
0.24671782 23.77198519
0.24972657 23.91330732
0.25273533 24.04457285
0.25574408 24.16529566
0.25875284 24.27498770
0.26176159 24.37316734
0.26477034 24.45936921
0.26777910 24.53315525
0.27078785 24.59412664
0.27379660 24.64193590
0.27680536 24.67629850
0.27981411 24.69700303
0.28282287 24.70391921

0.28282287 24.70391921
0.28585296 24.70245352
0.28888305 24.69805589
0.29191314 24.69072460
0.29494323 24.68045678
0.29797332 24.66724844
0.30100341 24.65109451
0.30403350 24.63198880
0.30706359 24.60992408
0.31009368 24.58489212
0.31312377 24.55688368
0.31615386 24.52588861
0.31918395 24.49189585
0.32221404 24.45489353
0.32524413 24.41486899
0.32827422 24.37180885
0.33130431 24.32569909
0.33433440 24.27652508
0.33736449 24.22427171
0.34039458 24.16892342
0.34342467 24.11046427
0.34645476 24.04887807
0.34948486 23.98414840
0.35251495 23.91625873
0.35554504 23.84519249
0.35857513 23.77093318
0.36160522 23.69346441
0.36463531 23.61277003
0.36766540 23.52883419
0.37069549 23.44164144
0.37372558 23.35117681
0.37675567 23.25742589
0.37978576 23.16037492
0.38281585 23.06001090

0.38281585 23.06001090
0.38581564 22.95737499
0.38881543 22.85146901
0.39181522 22.74228290
0.39481501 22.62980762
0.39781480 22.51403518
0.40081459 22.39495877
0.40381438 22.27257273
0.40681417 22.14687270
0.40981396 22.01785562
0.41281374 21.88551980
0.41581353 21.74986498
0.41881332 21.61089237
0.42181311 21.46860467
0.42481290 21.32300615
0.42781269 21.17410265
0.43081248 21.02190163
0.43381227 20.86641219
0.43681206 20.70764508
0.43981185 20.54561275
0.44281164 20.38032932
0.44581143 20.21181064
0.44881122 20.04007423
0.45181101 19.86513935
0.45481080 19.68702696
0.45781059 19.50575969
0.46081038 19.32136189
0.46381017 19.13385956
0.46680996 18.94328035
0.46980975 18.74965353
0.47280953 18.55300998
0.47580932 18.35338213
0.47880911 18.15080395
0.48180890 17.94531089
0.48480869 17.73693987
0.48780848 17.52572919
0.49080827 17.31171852
0.49380806 17.09494882
0.49680785 16.87546230
0.49980764 16.65330239
0.50280743 16.42851361
0.50580722 16.20114158
0.50880701 15.97123292
0.51180680 15.73883521
0.51480659 15.50399687
0.51780638 15.26676716
0.52080617 15.02719607
0.52380596 14.78533425
0.52680575 14.54123296
0.52980554 14.29494397
0.53280532 14.04651953
0.53580511 13.79601223
0.53880490 13.54347501
0.54180469 13.28896103
0.54480448 13.03252360
0.54780427 12.77421617
0.55080406 12.51409217
0.55380385 12.25220501
0.55680364 11.98860800
0.55980343 11.72335427
0.56280322 11.45649670
0.56580301 11.18808790
0.56880280 10.91818010
0.57180259 10.64682514
0.57480238 10.37407438
0.57780217 10.09997865
0.58080196 9.82458826
0.58380175 9.54795285
0.58680154 9.27012147
0.58980133 8.99114243
0.59280111 8.71106334
0.59580090 8.42993106
0.59880069 8.14779164
0.60180048 7.86469036
0.60480027 7.58067163
0.60780006 7.29577906
0.61079985 7.01005538
0.61379964 6.72354245
0.61679943 6.43628129
0.61979922 6.14831203
0.62279901 5.85967394
0.62579880 5.57040546
0.62879859 5.28054415
0.63179838 4.99012677
0.63479817 4.69918928
0.63779796 4.40776684
0.64079775 4.11589387
0.64379754 3.82360408
0.64679733 3.53093050
0.64979712 3.23790551
0.65279690 2.94456096
0.65579669 2.65092817
0.65879648 2.35703805
0.66179627 2.06292127
0.66479606 1.76860845
0.66779585 1.47413067
0.67079564 1.17952055
0.67379543 0.88481545
0.67679522 0.59007002
0.67979501 0.29544386
0.68279480 0.01763193

0.68279480 0.01763193
0.68581865 0.30569719
0.68884250 0.61058974
0.69186635 0.91556856
0.69489020 1.22046444
0.69791405 1.52520902
0.70093790 1.82974995
0.70396174 2.13403854
0.70698559 2.43802651
0.71000944 2.74166474
0.71303329 3.04490270
0.71605714 3.34768803
0.71908099 3.64996626
0.72210484 3.95168062
0.72512869 4.25277180
0.72815254 4.55317779
0.73117639 4.85283374
0.73420024 5.15167181
0.73722409 5.44962108
0.74024793 5.74660739
0.74327178 6.04255332
0.74629563 6.33737807
0.74931948 6.63099741
0.75234333 6.92332367
0.75536718 7.21426567
0.75839103 7.50372874
0.76141488 7.79161472
0.76443873 8.07782195
0.76746258 8.36224534
0.77048643 8.64477640
0.77351028 8.92530328
0.77653413 9.20371090
0.77955797 9.47988095
0.78258182 9.75369207
0.78560567 10.02501991
0.78862952 10.29373725
0.79165337 10.55971416
0.79467722 10.82281811
0.79770107 11.08291414
0.80072492 11.33986502
0.80374877 11.59353138
0.80677262 11.84377195
0.80979647 12.09044368
0.81282032 12.33340197
0.81584417 12.57250086
0.81886801 12.80759324
0.82189186 13.03853104
0.82491571 13.26516547
0.82793956 13.48734725
0.83096341 13.70492681
0.83398726 13.91775458
0.83701111 14.12568116
0.84003496 14.32855765
0.84305881 14.52623585
0.84608266 14.71856856
0.84910651 14.90540982
0.85213036 15.08661519
0.85515421 15.26204206
0.85817805 15.43154990
0.86120190 15.59500059
0.86422575 15.75225869
0.86724960 15.90319174
0.87027345 16.04767060
0.87329730 16.18556975
0.87632115 16.31676758
0.87934500 16.44114673
0.88236885 16.55859443
0.88539270 16.66900274
0.88841655 16.77226895
0.89144040 16.86829582
0.89446425 16.95699192
0.89748809 17.03827190
0.90051194 17.11205678
0.90353579 17.17827423
0.90655964 17.23685878
0.90958349 17.28775210
0.91260734 17.33090318
0.91563119 17.36626852
0.91865504 17.39381230
0.92167889 17.41350653
0.92470274 17.42533111
0.92772659 17.42927399

0.92772659 17.42927399
0.93075668 17.43235834
0.93378677 17.44161019
0.93681686 17.45702595
0.93984695 17.47859957
0.94287704 17.50632249
0.94590713 17.54018355
0.94893722 17.58016883
0.95196731 17.62626158
0.95499740 17.67844198
0.95802749 17.73668702
0.96105758 17.80097028
0.96408767 17.87126175
0.96711776 17.94752757
0.97014785 18.02972990
0.97317794 18.11782661
0.97620803 18.21177117
0.97923812 18.31151236
0.98226821 18.41699412
0.98529830 18.52815539
0.98832839 18.64492989
0.99135849 18.76724601
0.99438858 18.89502666
0.99741867 19.02818918
1.00044876 19.16664526
1.00347885 19.31030082
1.00650894 19.45905606
1.00953903 19.61280534
1.01256912 19.77143729
1.01559921 19.93483474
1.01862930 20.10287482
1.02165939 20.27542903
1.02468948 20.45236329
1.02771957 20.63353806
1.03074966 20.81880845
1.03377975 21.00802434
1.03680984 21.20103049
1.03983993 21.39766672
1.04287002 21.59776797
1.04590011 21.80116448
1.04893020 22.00768189
1.05196029 22.21714131
1.05499038 22.42935944
1.05802047 22.64414861
1.06105056 22.86131673
1.06408065 23.08066732
1.06711075 23.30199933
1.07014084 23.52510701
1.07317093 23.74977955
1.07620102 23.97580070
1.07923111 24.20294815
1.08226120 24.43099276
1.08529129 24.65969746
1.08832138 24.88881589
1.09135147 25.11809052
1.09438156 25.34725031
1.09741165 25.57600751
1.10044174 25.80405358
1.10347183 26.03105378
1.10650192 26.25664001
1.10953201 26.48040137
1.11256210 26.70187146
1.11559219 26.92051148
1.11862228 27.13568732
1.12165237 27.34663880
1.12468246 27.55243811
1.12771255 27.75193440

1.12771255 27.75193440
1.13072131 27.74717728
1.13373006 27.73297540
1.13673882 27.70953290
1.13974757 27.67717632
1.14275632 27.63633609
1.14576508 27.58752457
1.14877383 27.53131295
1.15178258 27.46830946
1.15479134 27.39914031
1.15780009 27.32443431
1.16080885 27.24481125
1.16381760 27.16087371
1.16682635 27.07320205
1.16983511 26.98235160
1.17284386 26.88885170
1.17585262 26.79320602
1.17886137 26.69589353
1.18187012 26.59737010
1.18487888 26.49807019
1.18788763 26.39840859
1.19089639 26.29878219
1.19390514 26.19957141
1.19691389 26.10114160
1.19992265 26.00384418
1.20293140 25.90801751
1.20594015 25.81398765
1.20894891 25.72206880
1.21195766 25.63256370
1.21496642 25.54576373
1.21797517 25.46194896
1.22098392 25.38138803
1.22399268 25.30433791
1.22700143 25.23104359
1.23001019 25.16173768
1.23301894 25.09663997
1.23602769 25.03595690
1.23903645 24.97988106
1.24204520 24.92859064
1.24505396 24.88224884
1.24806271 24.84100340
1.25107146 24.80498604
1.25408022 24.77431199
1.25708897 24.74907953
1.26009772 24.72936966
1.26310648 24.71524571
1.26611523 24.70675311
1.26912399 24.70391921



0.00000000 0.01763193
0.00300875 0.31931838
0.00601751 0.63793528
0.00902626 0.95677237
0.01203502 1.27573633
0.01504377 1.59483023
0.01805252 1.91407227
0.02106128 2.23348389
0.02407003 2.55308662
0.02707879 2.87290087
0.03008754 3.19294525
0.03309629 3.51323622
0.03610505 3.83378774
0.03911380 4.15461099
0.04212255 4.47571422
0.04513131 4.79710245
0.04814006 5.11877737
0.05114882 5.44073712
0.05415757 5.76297619
0.05716632 6.08548524
0.06017508 6.40825105
0.06318383 6.73125636
0.06619259 7.05447985
0.06920134 7.37789603
0.07221009 7.70147521
0.07521885 8.02518351
0.07822760 8.34898277
0.08123636 8.67283061
0.08424511 8.99668041
0.08725386 9.32048135
0.09026262 9.64417845
0.09327137 9.96771264
0.09628012 10.29102077
0.09928888 10.61403575
0.10229763 10.93668658
0.10530639 11.25889847
0.10831514 11.58059293
0.11132389 11.90168787
0.11433265 12.22209771
0.11734140 12.54173348
0.12035016 12.86050295
0.12335891 13.17831074
0.12636766 13.49505842
0.12937642 13.81064460
0.13238517 14.12496507
0.13539393 14.43791289
0.13840268 14.74937843
0.14141143 15.05924950
0.14442019 15.36741139
0.14742894 15.67374689
0.15043769 15.97813638
0.15344645 16.28045777
0.15645520 16.58058653
0.15946396 16.87839562
0.16247271 17.17375544
0.16548146 17.46653369
0.16849022 17.75659527
0.17149897 18.04380204
0.17450773 18.32801265
0.17751648 18.60908219
0.18052523 18.88686193
0.18353399 19.16119884
0.18654274 19.43193518
0.18955150 19.69890794
0.19256025 19.96194825
0.19556900 20.22088065
0.19857776 20.47552234
0.20158651 20.72568230
0.20459527 20.97116028
0.20760402 21.21174582
0.21061277 21.44721703
0.21362153 21.67733937
0.21663028 21.90186434
0.21963903 22.12052814
0.22264779 22.33305022
0.22565654 22.53913195
0.22866530 22.73845529
0.23167405 22.93068164
0.23468280 23.11545087
0.23769156 23.29238081
0.24070031 23.46106713
0.24370907 23.62108392
0.24671782 23.77198519
0.24972657 23.91330732
0.25273533 24.04457285
0.25574408 24.16529566
0.25875284 24.27498770
0.26176159 24.37316735
0.26477034 24.45936921
0.26777910 24.53315525
0.27078785 24.59412664
0.27379660 24.64193590
0.27680536 24.67629850
0.27981411 24.69700303
0.28282287 24.70391921

0.28282287 24.70391921
0.28585296 24.71113262
0.28888305 24.73274584
0.29191314 24.76867810
0.29494323 24.81879572
0.29797332 24.88291344
0.30100341 24.96079631
0.30403350 25.05216202
0.30706359 25.15668356
0.31009368 25.27399235
0.31312377 25.40368154
0.31615386 25.54530960
0.31918395 25.69840400
0.32221404 25.86246502
0.32524413 26.03696954
0.32827422 26.22137484
0.33130431 26.41512227
0.33433440 26.61764083
0.33736449 26.82835053
0.34039458 27.04666565
0.34342467 27.27199764
0.34645476 27.50375788
0.34948486 27.74136016
0.35251495 27.98422279
0.35554504 28.23177049
0.35857513 28.48343589
0.36160522 28.73866052
0.36463531 28.99689527
0.36766540 29.25759998
0.37069549 29.52024145
0.37372558 29.78428879
0.37675567 30.04920278
0.37978576 30.31441133
0.38281585 30.57924633

0.38281585 30.57924633
0.38581564 30.84012703
0.38881543 30.94571405
0.39181522 30.86925439
0.39481501 30.79056462
0.39781480 30.70948811
0.40081459 30.62586407
0.40381438 30.53952796
0.40681417 30.45031187
0.40981396 30.35804483
0.41281374 30.10077813
0.41581353 29.83785956
0.41881332 29.57021605
0.42181311 29.29799559
0.42481290 29.02132627
0.42781269 28.74032587
0.43081248 28.45510672
0.43381227 28.16577828
0.43681206 27.87244867
0.43981185 27.57522551
0.44281164 27.27421646
0.44581143 26.96952959
0.44881122 26.66127354
0.45181101 26.34955767
0.45481080 26.03449213
0.45781059 25.71618789
0.46081038 25.39475675
0.46381017 25.07031135
0.46680996 24.74296511
0.46980975 24.41283224
0.47280953 24.08002765
0.47580932 23.74466693
0.47880911 23.40686630
0.48180890 23.06674249
0.48480869 22.72441275
0.48780848 22.37999471
0.49080827 22.03360631
0.49380806 21.68536574
0.49680785 21.33539134
0.49980764 20.98380145
0.50280743 20.63071440
0.50580722 20.27624832
0.50880701 19.92052105
0.51180680 19.56365004
0.51480659 19.20575221
0.51780638 18.84694379
0.52080617 18.48734025
0.52380596 18.12705607
0.52680575 17.76620466
0.52980554 17.40489818
0.53280532 17.04324736
0.53580511 16.68136137
0.53880490 16.31934763
0.54180469 15.95731161
0.54480448 15.59535670
0.54780427 15.23358397
0.55080406 14.87209203
0.55380385 14.51097679
0.55680364 14.15033130
0.55980343 13.79024553
0.56280322 13.43080620
0.56580301 13.07209652
0.56880280 12.71419605
0.57180259 12.35718048
0.57480238 12.00112141
0.57780217 11.64608619
0.58080196 11.29213770
0.58380175 10.93933418
0.58680154 10.58772906
0.58980133 10.23737075
0.59280111 9.88830253
0.59580090 9.54056235
0.59880069 9.19418271
0.60180048 8.84919056
0.60480027 8.50560712
0.60780006 8.16344786
0.61079985 7.82272236
0.61379964 7.48343429
0.61679943 7.14558135
0.61979922 6.80915524
0.62279901 6.47414171
0.62579880 6.14052052
0.62879859 5.80826557
0.63179838 5.47734488
0.63479817 5.14772081
0.63779796 4.81935007
0.64079775 4.49218397
0.64379754 4.16616856
0.64679733 3.84124486
0.64979712 3.51734909
0.65279690 3.19441294
0.65579669 2.87236391
0.65879648 2.55112565
0.66179627 2.23061834
0.66479606 1.91075929
0.66779585 1.59146362
0.67079564 1.27264567
0.67379543 0.95422228
0.67679522 0.63612484
0.67979501 0.31838099
0.68279480 0.01763193

0.68279480 0.01763193
0.68581865 0.30569719
0.68884250 0.61058974
0.69186635 0.91556856
0.69489020 1.22046444
0.69791405 1.52520902
0.70093790 1.82974995
0.70396174 2.13403854
0.70698559 2.43802651
0.71000944 2.74166474
0.71303329 3.04490270
0.71605714 3.34768803
0.71908099 3.64996626
0.72210484 3.95168062
0.72512869 4.25277180
0.72815254 4.55317779
0.73117639 4.85283374
0.73420024 5.15167181
0.73722409 5.44962108
0.74024793 5.74660739
0.74327178 6.04255332
0.74629563 6.33737807
0.74931948 6.63099741
0.75234333 6.92332367
0.75536718 7.21426567
0.75839103 7.50372874
0.76141488 7.79161472
0.76443873 8.07782195
0.76746258 8.36224534
0.77048643 8.64477640
0.77351028 8.92530328
0.77653413 9.20371090
0.77955797 9.47988095
0.78258182 9.75369207
0.78560567 10.02501991
0.78862952 10.29373725
0.79165337 10.55971416
0.79467722 10.82281811
0.79770107 11.08291414
0.80072492 11.33986502
0.80374877 11.59353138
0.80677262 11.84377195
0.80979647 12.09044368
0.81282032 12.33340197
0.81584417 12.57250086
0.81886801 12.80759324
0.82189186 13.03853104
0.82491571 13.26516547
0.82793956 13.48734725
0.83096341 13.70492681
0.83398726 13.91775458
0.83701111 14.12568116
0.84003496 14.32855765
0.84305881 14.52623585
0.84608266 14.71856856
0.84910651 14.90540982
0.85213036 15.08661519
0.85515421 15.26204206
0.85817805 15.43154990
0.86120190 15.59500059
0.86422575 15.75225869
0.86724960 15.90319174
0.87027345 16.04767060
0.87329730 16.18556975
0.87632115 16.31676758
0.87934500 16.44114673
0.88236885 16.55859443
0.88539270 16.66900274
0.88841655 16.77226895
0.89144040 16.86829582
0.89446425 16.95699192
0.89748809 17.03827190
0.90051194 17.11205678
0.90353579 17.17827423
0.90655964 17.23685878
0.90958349 17.28775210
0.91260734 17.33090318
0.91563119 17.36626852
0.91865504 17.39381230
0.92167889 17.41350653
0.92470274 17.42533111
0.92772659 17.42927399

0.92772659 17.42927399
0.93075668 17.43762583
0.93378677 17.46264413
0.93681686 17.50421769
0.93984695 17.56216302
0.94287704 17.63622688
0.94590713 17.72608992
0.94893722 17.83137093
0.95196731 17.95163185
0.95499740 18.08638328
0.95802749 18.23509023
0.96105758 18.39717813
0.96408767 18.57203883
0.96711776 18.75903646
0.97014785 18.95751310
0.97317794 19.16679411
0.97620803 19.38619304
0.97923812 19.61501615
0.98226821 19.85256637
0.98529830 20.09814685
0.98832839 20.35106390
0.99135849 20.61062957
0.99438858 20.87616362
0.99741867 21.14699518
1.00044876 21.42246391
1.00347885 21.70192074
1.00650894 21.98472835
1.00953903 22.27026127
1.01256912 22.55790564
1.01559921 22.84705871
1.01862930 23.13712812
1.02165939 23.42753086
1.02468948 23.71769195
1.02771957 24.00704298
1.03074966 24.29502025
1.03377975 24.58106269
1.03680984 24.86460942
1.03983993 25.14509695
1.04287002 25.42195586
1.04590011 25.69460692
1.04893020 25.96245652
1.05196029 26.22489107
1.05499038 26.48127016
1.05802047 26.73091805
1.06105056 26.97311280
1.06408065 27.20707228
1.06711075 27.43193594
1.07014084 27.64674063
1.07317093 27.85038873
1.07620102 28.04160627
1.07923111 28.21888908
1.08226120 28.38043729
1.08529129 28.52408370
1.08832138 28.64723491
1.09135147 28.74686766
1.09438156 28.81965599
1.09741165 28.86232321
1.10044174 28.87225828
1.10347183 28.84825845
1.10650192 28.79104484
1.10953201 28.70321107
1.11256210 28.58861098
1.11559219 28.45154351
1.11862228 28.29610483
1.12165237 28.12584608
1.12468246 27.94368132
1.12771255 27.75193440

1.12771255 27.75193440
1.13072131 27.74717728
1.13373006 27.73297540
1.13673882 27.70953290
1.13974757 27.67717632
1.14275632 27.63633609
1.14576508 27.58752457
1.14877383 27.53131295
1.15178258 27.46830946
1.15479134 27.39914031
1.15780009 27.32443431
1.16080885 27.24481125
1.16381760 27.16087371
1.16682635 27.07320205
1.16983511 26.98235160
1.17284386 26.88885171
1.17585262 26.79320602
1.17886137 26.69589353
1.18187012 26.59737010
1.18487888 26.49807019
1.18788763 26.39840859
1.19089639 26.29878219
1.19390514 26.19957141
1.19691389 26.10114160
1.19992265 26.00384418
1.20293140 25.90801751
1.20594015 25.81398765
1.20894891 25.72206880
1.21195766 25.63256370
1.21496642 25.54576373
1.21797517 25.46194896
1.22098392 25.38138803
1.22399268 25.30433791
1.22700143 25.23104359
1.23001019 25.16173768
1.23301894 25.09663997
1.23602769 25.03595690
1.23903645 24.97988106
1.24204520 24.92859064
1.24505396 24.88224884
1.24806271 24.84100340
1.25107146 24.80498604
1.25408022 24.77431199
1.25708897 24.74907953
1.26009772 24.72936966
1.26310648 24.71524571
1.26611523 24.70675311
1.26912399 24.70391921



0.00000000 0.01763193
0.00300875 0.46705063
0.00601751 0.93357865
0.00902626 1.40017091
0.01203502 1.86672047
0.01504377 2.33318637
0.01805252 2.79953807
0.02106128 3.26574733
0.02407003 3.73178610
0.02707879 4.19762565
0.03008754 4.66323619
0.03309629 5.12858658
0.03610505 5.59364417
0.03911380 6.05837458
0.04212255 6.52274160
0.04513131 6.98670704
0.04814006 7.45023063
0.05114882 7.91326993
0.05415757 8.37578019
0.05716632 8.83771432
0.06017508 9.29902284
0.06318383 9.75965373
0.06619259 10.21955251
0.06920134 10.67866211
0.07221009 11.13692288
0.07521885 11.59427261
0.07822760 12.05064648
0.08123636 12.50597710
0.08424511 12.96019455
0.08725386 13.41322638
0.09026262 13.86499767
0.09327137 14.31543109
0.09628012 14.76444698
0.09928888 15.21196338
0.10229763 15.65789617
0.10530639 16.10215915
0.10831514 16.54466412
0.11132389 16.98532102
0.11433265 17.42403803
0.11734140 17.86072172
0.12035016 18.29527717
0.12335891 18.72760811
0.12636766 19.15761709
0.12937642 19.58520558
0.13238517 20.01027420
0.13539393 20.43272280
0.13840268 20.85245070
0.14141143 21.26935680
0.14442019 21.68333978
0.14742894 22.09429826
0.15043769 22.50213099
0.15344645 22.90673698
0.15645520 23.30801573
0.15946396 23.70586736
0.16247271 24.10019278
0.16548146 24.49089390
0.16849022 24.87787376
0.17149897 25.26103671
0.17450773 25.64028856
0.17751648 26.01553677
0.18052523 26.38669054
0.18353399 26.75366106
0.18654274 27.11636155
0.18955150 27.47470747
0.19256025 27.82861662
0.19556900 28.17800930
0.19857776 28.52280841
0.20158651 28.86293957
0.20459527 29.19833122
0.20760402 29.52891475
0.21061277 29.85462460
0.21362153 30.17539830
0.21663028 30.49117660
0.21963903 30.80190354
0.22264779 31.10752649
0.22565654 31.40799624
0.22866530 31.70326705
0.23167405 31.99329665
0.23468280 32.27804637
0.23769156 32.55748107
0.24070031 32.83156922
0.24370907 33.10028292
0.24671782 33.21596326
0.24972657 33.13539719
0.25273533 33.05973131
0.25574408 32.98941768
0.25875284 32.92491329
0.26176159 32.86667182
0.26477034 32.81513379
0.26777910 32.77071561
0.27078785 32.73379772
0.27379660 32.70471247
0.27680536 32.68373261
0.27981411 32.67106111
0.28282287 32.66682318

0.28282287 32.66682318
0.28585296 32.66417729
0.28888305 32.65628171
0.29191314 32.64326003
0.29494323 32.62530963
0.29797332 32.60268998
0.30100341 32.57570835
0.30403350 32.54470444
0.30706359 32.51003534
0.31009368 32.47206189
0.31312377 32.43113715
0.31615386 32.38759718
0.31918395 32.34175427
0.32221404 32.29389234
0.32524413 32.24426408
0.32827422 32.19308975
0.33130431 32.14055698
0.33433440 32.08682148
0.33736449 32.03200831
0.34039458 31.97621348
0.34342467 31.91950583
0.34645476 31.86192895
0.34948486 31.80350313
0.35251495 31.74422730
0.35554504 31.68408082
0.35857513 31.62302529
0.36160522 31.56100609
0.36463531 31.49795393
0.36766540 31.43378625
0.37069549 31.36840846
0.37372558 31.30171512
0.37675567 31.23359100
0.37978576 31.16391203
0.38281585 31.09254618

0.38281585 31.09254618
0.38581564 31.02009566
0.38881543 31.09775404
0.39181522 31.34423686
0.39481501 31.48836107
0.39781480 31.32655850
0.40081459 31.09877376
0.40381438 30.85869282
0.40681417 30.61159422
0.40981396 30.35878309
0.41281374 30.26255316
0.41581353 30.16366080
0.41881332 30.06118957
0.42181311 29.95495953
0.42481290 29.84478928
0.42781269 29.73049632
0.43081248 29.61189743
0.43381227 29.48880907
0.43681206 29.36104782
0.43981185 29.22843089
0.44281164 29.09077666
0.44581143 28.94790526
0.44881122 28.79963924
0.45181101 28.64580421
0.45481080 28.48622965
0.45781059 28.32074966
0.46081038 28.14920377
0.46381017 27.97143782
0.46680996 27.78730478
0.46980975 27.59666568
0.47280953 27.39939039
0.47580932 27.19535853
0.47880911 26.98446023
0.48180890 26.76659688
0.48480869 26.54168179
0.48780848 26.30964086
0.49080827 26.07041300
0.49380806 25.82395063
0.49680785 25.57021993
0.49980764 25.30920106
0.50280743 25.04088823
0.50580722 24.76528972
0.50880701 24.48242770
0.51180680 24.19233799
0.51480659 23.89506976
0.51780638 23.59068505
0.52080617 23.27925833
0.52380596 22.96087584
0.52680575 22.63563503
0.52980554 22.30364380
0.53280532 21.96501984
0.53580511 21.61988983
0.53880490 21.26838868
0.54180469 20.91065874
0.54480448 20.54684904
0.54780427 20.17711447
0.55080406 19.80161504
0.55380385 19.42051513
0.55680364 19.03398275
0.55980343 18.64218881
0.56280322 18.24530650
0.56580301 17.84351062
0.56880280 17.43697696
0.57180259 17.02588170
0.57480238 16.61040093
0.57780217 16.19071009
0.58080196 15.76698351
0.58380175 15.33939397
0.58680154 14.90811231
0.58980133 14.47330706
0.59280111 14.03514408
0.59580090 13.59378630
0.59880069 13.14939342
0.60180048 12.70212168
0.60480027 12.25212370
0.60780006 11.79954823
0.61079985 11.34454008
0.61379964 10.88723996
0.61679943 10.42778443
0.61979922 9.96630581
0.62279901 9.50293218
0.62579880 9.03778736
0.62879859 8.57099094
0.63179838 8.10265832
0.63479817 7.63290081
0.63779796 7.16182567
0.64079775 6.68953628
0.64379754 6.21613227
0.64679733 5.74170963
0.64979712 5.26636098
0.65279690 4.79017570
0.65579669 4.31324018
0.65879648 3.83563810
0.66179627 3.35745069
0.66479606 2.87875713
0.66779585 2.39963504
0.67079564 1.92016145
0.67379543 1.44041494
0.67679522 0.96048367
0.67979501 0.48051959
0.68279480 0.01763193

0.68279480 0.01763193
0.68581865 0.48927577
0.68884250 0.97808873
0.69186635 1.46703472
0.69489020 1.95604653
0.69791405 2.44511884
0.70093790 2.93425471
0.70396174 3.42345755
0.70698559 3.91272869
0.71000944 4.40206629
0.71303329 4.89146458
0.71605714 5.38091332
0.71908099 5.87039733
0.72210484 6.35989607
0.72512869 6.84938321
0.72815254 7.33882636
0.73117639 7.82818669
0.73420024 8.31741868
0.73722409 8.80646991
0.74024793 9.29528079
0.74327178 9.78378445
0.74629563 10.27190654
0.74931948 10.75956519
0.75234333 11.24667088
0.75536718 11.73312644
0.75839103 12.21882703
0.76141488 12.70366013
0.76443873 13.18750565
0.76746258 13.67023595
0.77048643 14.15171599
0.77351028 14.63180340
0.77653413 15.11034866
0.77955797 15.58719528
0.78258182 16.06217990
0.78560567 16.53513259
0.78862952 17.00587694
0.79165337 17.47423033
0.79467722 17.94000413
0.79770107 18.40300387
0.80072492 18.86302947
0.80374877 19.31987540
0.80677262 19.77333087
0.80979647 20.22317996
0.81282032 20.66920175
0.81584417 21.11117039
0.81886801 21.54885515
0.82189186 21.98202040
0.82491571 22.41042553
0.82793956 22.83382482
0.83096341 23.25196719
0.83398726 23.66459586
0.83701111 24.07144794
0.84003496 24.47225383
0.84305881 24.86673644
0.84608266 25.25461037
0.84910651 25.63558071
0.85213036 26.00934175
0.85515421 26.37557531
0.85817805 26.73394891
0.86120190 27.08411344
0.86422575 27.42570058
0.86724960 27.75831979
0.87027345 28.08155479
0.87329730 28.39495971
0.87632115 28.69805470
0.87934500 28.99032113
0.88236885 29.27119659
0.88539270 29.54006960
0.88841655 29.79627461
0.89144040 30.03908749
0.89446425 30.26772228
0.89748809 30.48133003
0.90051194 30.67900077
0.90353579 30.85977003
0.90655964 31.02263130
0.90958349 31.16655578
0.91260734 31.29052040
0.91563119 31.39354405
0.91865504 31.47473068
0.92167889 31.53331621
0.92470274 31.56871440
0.92772659 31.58055588

0.92772659 31.58055588
0.93075668 31.58043148
0.93378677 31.58006106
0.93681686 31.57945282
0.93984695 31.57862017
0.94287704 31.57758144
0.94590713 31.57635931
0.94893722 31.57498031
0.95196731 31.57347412
0.95499740 31.57187282
0.95802749 31.57021018
0.96105758 31.56852082
0.96408767 31.56683945
0.96711776 31.56520014
0.97014785 31.56363557
0.97317794 31.56217639
0.97620803 31.56085065
0.97923812 31.55968325
0.98226821 31.55869558
0.98529830 31.55790510
0.98832839 31.55732511
0.99135849 31.55696458
0.99438858 31.55682804
0.99741867 31.55691552
1.00044876 31.55722259
1.00347885 31.55774046
1.00650894 31.55845610
1.00953903 31.55935238
1.01256912 31.56040831
1.01559921 31.56159925
1.01862930 31.56289713
1.02165939 31.56427070
1.02468948 31.56568577
1.02771957 31.56710540
1.03074966 31.56849016
1.03377975 31.56979828
1.03680984 31.57098580
1.03983993 31.57200670
1.04287002 31.57281294
1.04590011 31.57335453
1.04893020 31.57357942
1.05196029 31.57343348
1.05499038 31.57286034
1.05802047 31.57180113
1.06105056 31.57019426
1.06408065 31.56797507
1.06711075 31.56507541
1.07014084 31.56142329
1.07317093 31.55694231
1.07620102 31.55155130
1.07923111 31.54516379
1.08226120 31.53768772
1.08529129 31.52902513
1.08832138 31.51907222
1.09135147 31.46901922
1.09438156 31.35609575
1.09741165 31.26116790
1.10044174 31.18689929
1.10347183 31.13462108
1.10650192 31.10381773
1.10953201 31.09217735
1.11256210 31.09620030
1.11559219 31.11200805
1.11862228 31.13598287
1.12165237 31.16510021
1.12468246 31.19701002
1.12771255 31.22997892

1.12771255 31.22997892
1.13072131 31.23298445
1.13373006 31.24193874
1.13673882 31.25665930
1.13974757 31.27685558
1.14275632 31.30214734
1.14576508 31.33208653
1.14877383 31.36618011
1.15178258 31.40391168
1.15479134 31.44476012
1.15780009 31.48821475
1.16080885 31.53378653
1.16381760 31.58101574
1.16682635 31.62947663
1.16983511 31.67877959
1.17284386 31.72857159
1.17585262 31.77853525
1.17886137 31.82838711
1.18187012 31.87787541
1.18487888 31.92677756
1.18788763 31.97489760
1.19089639 32.02206360
1.19390514 32.06812527
1.19691389 32.11295166
1.19992265 32.15642902
1.20293140 32.19845889
1.20594015 32.23895635
1.20894891 32.27784840
1.21195766 32.31507255
1.21496642 32.35057551
1.21797517 32.38431209
1.22098392 32.41624411
1.22399268 32.44633951
1.22700143 32.47457153
1.23001019 32.50091798
1.23301894 32.52536057
1.23602769 32.54788435
1.23903645 32.56847722
1.24204520 32.58712945
1.24505396 32.60383331
1.24806271 32.61858272
1.25107146 32.63137295
1.25408022 32.64220039
1.25708897 32.65106232
1.26009772 32.65795674
1.26310648 32.66288224
1.26611523 32.66583790
1.26912399 32.66682318



0.00000000 39.71069770
0.00300875 39.70930866
0.00601751 39.70514245
0.00902626 39.69820180
0.01203502 39.68849126
0.01504377 39.67601720
0.01805252 39.66078778
0.02106128 39.64281296
0.02407003 39.62210448
0.02707879 39.59867585
0.03008754 39.57254235
0.03309629 39.54372095
0.03610505 39.51223037
0.03911380 39.47809100
0.04212255 39.44132489
0.04513131 39.40195573
0.04814006 39.36000881
0.05114882 39.31551098
0.05415757 39.26849065
0.05716632 39.21897770
0.06017508 39.16700349
0.06318383 39.11260078
0.06619259 39.05580372
0.06920134 38.99664777
0.07221009 38.93516968
0.07521885 38.87140743
0.07822760 38.80540019
0.08123636 38.73718826
0.08424511 38.66681299
0.08725386 38.59431679
0.09026262 38.51974301
0.09327137 38.44313596
0.09628012 38.36454076
0.09928888 38.28400338
0.10229763 38.20157053
0.10530639 38.11728965
0.10831514 38.03120882
0.11132389 37.94337675
0.11433265 37.85384274
0.11734140 37.76265663
0.12035016 37.66986877
0.12335891 37.57553001
0.12636766 37.47969168
0.12937642 37.38240558
0.13238517 37.28372398
0.13539393 37.18369967
0.13840268 37.08238594
0.14141143 36.97983667
0.14442019 36.87610634
0.14742894 36.77125017
0.15043769 36.66532418
0.15344645 36.55838533
0.15645520 36.45049166
0.15946396 36.34170247
0.16247271 36.23207856
0.16548146 36.12168245
0.16849022 36.01057865
0.17149897 35.89883402
0.17450773 35.78651814
0.17751648 35.67370372
0.18052523 35.56046709
0.18353399 35.44688875
0.18654274 35.33305398
0.18955150 35.21905350
0.19256025 35.10498426
0.19556900 34.99095025
0.19857776 34.87706345
0.20158651 34.76344483
0.20459527 34.65022547
0.20760402 34.53754777
0.21061277 34.42556671
0.21362153 34.31445126
0.21663028 34.20438583
0.21963903 34.09557172
0.22264779 33.98822871
0.22565654 33.88259653
0.22866530 33.77893632
0.23167405 33.67753186
0.23468280 33.57869071
0.23769156 33.48274479
0.24070031 33.39005068
0.24370907 33.30098902
0.24671782 33.21596326
0.24972657 33.13539719
0.25273533 33.05973131
0.25574408 32.98941768
0.25875284 32.92491329
0.26176159 32.86667182
0.26477034 32.81513379
0.26777910 32.77071561
0.27078785 32.73379772
0.27379660 32.70471247
0.27680536 32.68373261
0.27981411 32.67106111
0.28282287 32.66682318

0.28282287 32.66682318
0.28585296 32.66747405
0.28888305 32.66942767
0.29191314 32.67268697
0.29494323 32.67725681
0.29797332 32.68314396
0.30100341 32.69035705
0.30403350 32.69890646
0.30706359 32.70880430
0.31009368 32.72006431
0.31312377 32.73270171
0.31615386 32.74673314
0.31918395 32.76217650
0.32221404 32.77905085
0.32524413 32.79737621
0.32827422 32.81717344
0.33130431 32.83846408
0.33433440 32.86127014
0.33736449 32.88561397
0.34039458 32.91151804
0.34342467 32.93900477
0.34645476 32.96809630
0.34948486 32.99881438
0.35251495 33.03118006
0.35554504 33.06521360
0.35857513 33.10093420
0.36160522 33.13835983
0.36463531 33.17750708
0.36766540 33.21839089
0.37069549 33.26102446
0.37372558 33.08787112
0.37675567 32.89017608
0.37978576 32.68703849
0.38281585 32.47875568

0.38281585 32.47875568
0.38581564 32.26808087
0.38881543 32.05458588
0.39181522 31.84585972
0.39481501 31.73283479
0.39781480 31.91881683
0.40081459 32.16361824
0.40381438 32.41332936
0.40681417 32.66246712
0.40981396 32.90954078
0.41281374 33.15386470
0.41581353 33.39501011
0.41881332 33.63265786
0.42181311 33.86654721
0.42481290 34.09645471
0.42781269 34.32218422
0.43081248 34.46719103
0.43381227 34.54401984
0.43681206 34.62217636
0.43981185 34.70160893
0.44281164 34.78226324
0.44581143 34.86408245
0.44881122 34.94700732
0.45181101 35.03097631
0.45481080 35.11592576
0.45781059 35.20179001
0.46081038 35.28850153
0.46381017 35.37599115
0.46680996 35.46418815
0.46980975 35.55302046
0.47280953 35.64241484
0.47580932 35.73229701
0.47880911 35.82259187
0.48180890 35.91322365
0.48480869 36.00411607
0.48780848 36.09519257
0.49080827 36.18637640
0.49380806 36.27759084
0.49680785 36.36875936
0.49980764 36.45980579
0.50280743 36.55065444
0.50580722 36.64123029
0.50880701 36.73145912
0.51180680 36.82126766
0.51480659 36.91058372
0.51780638 36.99933633
0.52080617 37.08745583
0.52380596 37.17487403
0.52680575 37.26152427
0.52980554 37.34734155
0.53280532 37.43226262
0.53580511 37.51622605
0.53880490 37.59917230
0.54180469 37.68104379
0.54480448 37.76178499
0.54780427 37.84134239
0.55080406 37.91966464
0.55380385 37.99670249
0.55680364 38.07240887
0.55980343 38.14673891
0.56280322 38.21964989
0.56580301 38.29110129
0.56880280 38.36105478
0.57180259 38.42947419
0.57480238 38.48823461
0.57780217 38.52955991
0.58080196 38.57219088
0.58380175 38.61597789
0.58680154 38.66076711
0.58980133 38.70640112
0.59280111 38.75271966
0.59580090 38.79956017
0.59880069 38.84675851
0.60180048 38.89414954
0.60480027 38.94156779
0.60780006 38.98884802
0.61079985 39.03582585
0.61379964 39.08233832
0.61679943 39.12822448
0.61979922 39.17332594
0.62279901 39.21748739
0.62579880 39.26055712
0.62879859 39.30238753
0.63179838 39.34283561
0.63479817 39.38176338
0.63779796 39.41903835
0.64079775 39.45453391
0.64379754 39.48812976
0.64679733 39.51971224
0.64979712 39.54917471
0.65279690 39.57641786
0.65579669 39.60134998
0.65879648 39.62388729
0.66179627 39.64395414
0.66479606 39.66148327
0.66779585 39.67641597
0.67079564 39.68870229
0.67379543 39.69830113
0.67679522 39.70518044
0.67979501 39.70931723
0.68279480 39.71069770

0.68279480 39.71069770
0.68581865 39.70958972
0.68884250 39.70626781
0.69186635 39.70073802
0.69489020 39.69301043
0.69791405 39.68309911
0.70093790 39.67102210
0.70396174 39.65680133
0.70698559 39.64046260
0.71000944 39.62203549
0.71303329 39.60155327
0.71605714 39.57905286
0.71908099 39.55457469
0.72210484 39.52816261
0.72512869 39.49986377
0.72815254 39.46972853
0.73117639 39.43781029
0.73420024 39.40416538
0.73722409 39.36885289
0.74024793 39.33193458
0.74327178 39.29347465
0.74629563 39.25353965
0.74931948 39.21219828
0.75234333 39.16952123
0.75536718 39.12558101
0.75839103 39.08045180
0.76141488 39.03420926
0.76443873 38.98693035
0.76746258 38.93869319
0.77048643 38.88957687
0.77351028 38.83966126
0.77653413 38.78902689
0.77955797 38.73775475
0.78258182 38.68592615
0.78560567 38.63362256
0.78862952 38.58092545
0.79165337 38.52791619
0.79467722 38.47467584
0.79770107 38.42128510
0.80072492 38.36782410
0.80374877 38.31437239
0.80677262 38.26100874
0.80979647 38.20781107
0.81282032 38.15485640
0.81584417 38.10222071
0.81886801 38.04997888
0.82189186 37.99820465
0.82491571 37.94697052
0.82793956 37.89634772
0.83096341 37.84640617
0.83398726 37.79721441
0.83701111 37.74883961
0.84003496 37.70134747
0.84305881 37.65480226
0.84608266 37.60926675
0.84910651 37.56480221
0.85213036 37.52146836
0.85515421 37.47932339
0.85817805 37.43842387
0.86120190 37.39882477
0.86422575 37.36057942
0.86724960 37.32373947
0.87027345 37.28835483
0.87329730 37.25447365
0.87632115 37.22214227
0.87934500 37.19140514
0.88236885 37.16230478
0.88539270 37.13488171
0.88841655 37.10917435
0.89144040 37.08521898
0.89446425 37.06304964
0.89748809 37.04269807
0.90051194 37.02419357
0.90353579 37.00756300
0.90655964 36.99283061
0.90958349 36.98001804
0.91260734 36.96914420
0.91563119 36.96022520
0.91865504 36.95327433
0.92167889 36.94830197
0.92470274 36.94531557
0.92772659 36.94431961

0.92772659 36.94431961
0.93075668 36.94228531
0.93378677 36.93617981
0.93681686 36.92599527
0.93984695 36.91171885
0.94287704 36.89333300
0.94590713 36.87081589
0.94893722 36.84414203
0.95196731 36.81328299
0.95499740 36.77820831
0.95802749 36.73888655
0.96105758 36.69528652
0.96408767 36.64737858
0.96711776 36.59513605
0.97014785 36.53853667
0.97317794 36.47756394
0.97620803 36.41220846
0.97923812 36.34246895
0.98226821 36.26835317
0.98529830 36.18987837
0.98832839 36.10707158
0.99135849 36.01996941
0.99438858 35.92861769
0.99741867 35.83307074
1.00044876 35.73339050
1.00347885 35.62964556
1.00650894 35.52191010
1.00953903 35.41026291
1.01256912 35.29478652
1.01559921 35.17556650
1.01862930 35.05269096
1.02165939 34.92625033
1.02468948 34.79633748
1.02771957 34.66304808
1.03074966 34.52648142
1.03377975 34.38674153
1.03680984 34.24393888
1.03983993 34.09819248
1.04287002 33.94963262
1.04590011 33.79840442
1.04893020 33.64467216
1.05196029 33.48862496
1.05499038 33.33048379
1.05802047 33.17051069
1.06105056 33.00902052
1.06408065 32.84639644
1.06711075 32.68311017
1.07014084 32.51974875
1.07317093 32.35704992
1.07620102 32.19594820
1.07923111 32.03763378
1.08226120 31.88362402
1.08529129 31.73584169
1.08832138 31.59668110
1.09135147 31.50771963
1.09438156 31.49485335
1.09741165 31.48035628
1.10044174 31.46411089
1.10347183 31.44600327
1.10650192 31.42592927
1.10953201 31.40380332
1.11256210 31.37957102
1.11559219 31.35322680
1.11862228 31.32483840
1.12165237 31.29458052
1.12468246 31.26278041
1.12771255 31.22997892

1.12771255 31.22997892
1.13072131 31.23298445
1.13373006 31.24193874
1.13673882 31.25665930
1.13974757 31.27685558
1.14275632 31.30214734
1.14576508 31.33208653
1.14877383 31.36618011
1.15178258 31.40391168
1.15479134 31.44476012
1.15780009 31.48821475
1.16080885 31.53378653
1.16381760 31.58101574
1.16682635 31.62947663
1.16983511 31.67877959
1.17284386 31.72857159
1.17585262 31.77853525
1.17886137 31.82838711
1.18187012 31.87787541
1.18487888 31.92677756
1.18788763 31.97489760
1.19089639 32.02206360
1.19390514 32.06812527
1.19691389 32.11295166
1.19992265 32.15642902
1.20293140 32.19845889
1.20594015 32.23895635
1.20894891 32.27784840
1.21195766 32.31507255
1.21496642 32.35057551
1.21797517 32.38431209
1.22098392 32.41624411
1.22399268 32.44633951
1.22700143 32.47457153
1.23001019 32.50091798
1.23301894 32.52536057
1.23602769 32.54788435
1.23903645 32.56847722
1.24204520 32.58712945
1.24505396 32.60383332
1.24806271 32.61858272
1.25107146 32.63137295
1.25408022 32.64220039
1.25708897 32.65106232
1.26009772 32.65795674
1.26310648 32.66288224
1.26611523 32.66583790
1.26912399 32.66682318



0.00000000 39.71069770
0.00300875 39.70930866
0.00601751 39.70514245
0.00902626 39.69820180
0.01203502 39.68849126
0.01504377 39.67601720
0.01805252 39.66078778
0.02106128 39.64281296
0.02407003 39.62210448
0.02707879 39.59867585
0.03008754 39.57254235
0.03309629 39.54372095
0.03610505 39.51223037
0.03911380 39.47809100
0.04212255 39.44132489
0.04513131 39.40195573
0.04814006 39.36000881
0.05114882 39.31551098
0.05415757 39.26849065
0.05716632 39.21897771
0.06017508 39.16700349
0.06318383 39.11260079
0.06619259 39.05580372
0.06920134 38.99664777
0.07221009 38.93516968
0.07521885 38.87140743
0.07822760 38.80540020
0.08123636 38.73718826
0.08424511 38.66681299
0.08725386 38.59431679
0.09026262 38.51974301
0.09327137 38.44313596
0.09628012 38.36454076
0.09928888 38.28400338
0.10229763 38.20157053
0.10530639 38.11728965
0.10831514 38.03120882
0.11132389 37.94337675
0.11433265 37.85384274
0.11734140 37.76265663
0.12035016 37.66986877
0.12335891 37.57553001
0.12636766 37.47969168
0.12937642 37.38240558
0.13238517 37.28372398
0.13539393 37.18369967
0.13840268 37.08238594
0.14141143 36.97983667
0.14442019 36.87610634
0.14742894 36.77125017
0.15043769 36.66532418
0.15344645 36.55838533
0.15645520 36.45049166
0.15946396 36.34170247
0.16247271 36.23207856
0.16548146 36.12168245
0.16849022 36.01057865
0.17149897 35.89883402
0.17450773 35.78651814
0.17751648 35.67370372
0.18052523 35.56046709
0.18353399 35.44688875
0.18654274 35.33305398
0.18955150 35.21905350
0.19256025 35.10498426
0.19556900 34.99095025
0.19857776 34.87706345
0.20158651 34.76344483
0.20459527 34.65022547
0.20760402 34.53754777
0.21061277 34.42556671
0.21362153 34.31445126
0.21663028 34.20438583
0.21963903 34.09557172
0.22264779 33.98822871
0.22565654 33.88259653
0.22866530 33.77893632
0.23167405 33.67753186
0.23468280 33.57869071
0.23769156 33.48274479
0.24070031 33.39005068
0.24370907 33.30098902
0.24671782 33.36359788
0.24972657 33.62149345
0.25273533 33.87395257
0.25574408 34.12096184
0.25875284 34.36251140
0.26176159 34.59859501
0.26477034 34.82920995
0.26777910 35.05435699
0.27078785 35.27404039
0.27379660 35.48826782
0.27680536 35.69705033
0.27981411 35.90040229
0.28282287 36.09834132

0.28282287 36.09834132
0.28585296 36.09490339
0.28888305 36.08459084
0.29191314 36.06740738
0.29494323 36.04335917
0.29797332 36.01245484
0.30100341 35.97470550
0.30403350 35.93012471
0.30706359 35.87872849
0.31009368 35.82053533
0.31312377 35.75556617
0.31615386 35.68384440
0.31918395 35.60539589
0.32221404 35.52024894
0.32524413 35.42843433
0.32827422 35.32998530
0.33130431 35.22493755
0.33433440 35.11332931
0.33736449 34.99520128
0.34039458 34.87059674
0.34342467 34.73956156
0.34645476 34.60214430
0.34948486 34.45839630
0.35251495 34.30837186
0.35554504 34.15212851
0.35857513 33.98972737
0.36160522 33.82123380
0.36463531 33.64671838
0.36766540 33.46625861
0.37069549 33.27994188
0.37372558 33.30541900
0.37675567 33.35158360
0.37978576 33.39952510
0.38281585 33.44924786

0.38281585 33.44924786
0.38581564 33.50022982
0.38881543 33.55295853
0.39181522 33.60743043
0.39481501 33.66363917
0.39781480 33.72157548
0.40081459 33.78122715
0.40381438 33.84257891
0.40681417 33.90561243
0.40981396 33.97030627
0.41281374 34.03663581
0.41581353 34.10457334
0.41881332 34.17408795
0.42181311 34.24514565
0.42481290 34.31770933
0.42781269 34.39173884
0.43081248 34.54356167
0.43381227 34.76043205
0.43681206 34.97265751
0.43981185 35.18011606
0.44281164 35.38270059
0.44581143 35.58031810
0.44881122 35.77288906
0.45181101 35.96034679
0.45481080 36.14263695
0.45781059 36.31971705
0.46081038 36.49155596
0.46381017 36.65813343
0.46680996 36.81943966
0.46980975 36.97547481
0.47280953 37.12624863
0.47580932 37.27177995
0.47880911 37.41209632
0.48180890 37.54723350
0.48480869 37.67723512
0.48780848 37.80215221
0.49080827 37.92204281
0.49380806 38.03697154
0.49680785 38.14700920
0.49980764 38.15439761
0.50280743 38.13971616
0.50580722 38.12693036
0.50880701 38.11617675
0.51180680 38.10757761
0.51480659 38.10124061
0.51780638 38.09725859
0.52080617 38.09570943
0.52380596 38.09665600
0.52680575 38.10014631
0.52980554 38.10621358
0.53280532 38.11487657
0.53580511 38.12613981
0.53880490 38.13999403
0.54180469 38.15641652
0.54480448 38.17537167
0.54780427 38.19681143
0.55080406 38.22067586
0.55380385 38.24689371
0.55680364 38.27538300
0.55980343 38.30605165
0.56280322 38.33879809
0.56580301 38.37351191
0.56880280 38.41007450
0.57180259 38.44835974
0.57480238 38.49632547
0.57780217 38.56157670
0.58080196 38.62519803
0.58380175 38.68716163
0.58680154 38.74744169
0.58980133 38.80601430
0.59280111 38.86285743
0.59580090 38.91795086
0.59880069 38.97127613
0.60180048 39.02281645
0.60480027 39.07255661
0.60780006 39.12048294
0.61079985 39.16658321
0.61379964 39.21084656
0.61679943 39.25326339
0.61979922 39.29382532
0.62279901 39.33252507
0.62579880 39.36935638
0.62879859 39.40431394
0.63179838 39.43739331
0.63479817 39.46859081
0.63779796 39.49790347
0.64079775 39.52532893
0.64379754 39.55086538
0.64679733 39.57451147
0.64979712 39.59626626
0.65279690 39.61612915
0.65579669 39.63409979
0.65879648 39.65017807
0.66179627 39.66436402
0.66479606 39.67665780
0.66779585 39.68705962
0.67079564 39.69556974
0.67379543 39.70218841
0.67679522 39.70691586
0.67979501 39.70975225
0.68279480 39.71069770

0.68279480 39.71069770
0.68581865 39.70958972
0.68884250 39.70626781
0.69186635 39.70073802
0.69489020 39.69301043
0.69791405 39.68309911
0.70093790 39.67102210
0.70396174 39.65680133
0.70698559 39.64046260
0.71000944 39.62203549
0.71303329 39.60155327
0.71605714 39.57905286
0.71908099 39.55457469
0.72210484 39.52816261
0.72512869 39.49986377
0.72815254 39.46972853
0.73117639 39.43781029
0.73420024 39.40416538
0.73722409 39.36885289
0.74024793 39.33193458
0.74327178 39.29347465
0.74629563 39.25353965
0.74931948 39.21219828
0.75234333 39.16952123
0.75536718 39.12558101
0.75839103 39.08045180
0.76141488 39.03420926
0.76443873 38.98693035
0.76746258 38.93869319
0.77048643 38.88957687
0.77351028 38.83966126
0.77653413 38.78902689
0.77955797 38.73775475
0.78258182 38.68592615
0.78560567 38.63362256
0.78862952 38.58092545
0.79165337 38.52791619
0.79467722 38.47467584
0.79770107 38.42128510
0.80072492 38.36782410
0.80374877 38.31437239
0.80677262 38.26100874
0.80979647 38.20781107
0.81282032 38.15485640
0.81584417 38.10222071
0.81886801 38.04997888
0.82189186 37.99820465
0.82491571 37.94697052
0.82793956 37.89634772
0.83096341 37.84640617
0.83398726 37.79721441
0.83701111 37.74883961
0.84003496 37.70134747
0.84305881 37.65480226
0.84608266 37.60926675
0.84910651 37.56480221
0.85213036 37.52146836
0.85515421 37.47932339
0.85817805 37.43842387
0.86120190 37.39882477
0.86422575 37.36057942
0.86724960 37.32373947
0.87027345 37.28835483
0.87329730 37.25447365
0.87632115 37.22214227
0.87934500 37.19140514
0.88236885 37.16230478
0.88539270 37.13488171
0.88841655 37.10917435
0.89144040 37.08521898
0.89446425 37.06304964
0.89748809 37.04269807
0.90051194 37.02419357
0.90353579 37.00756300
0.90655964 36.99283061
0.90958349 36.98001804
0.91260734 36.96914420
0.91563119 36.96022520
0.91865504 36.95327433
0.92167889 36.94830197
0.92470274 36.94531557
0.92772659 36.94431961

0.92772659 36.94431961
0.93075668 36.94573703
0.93378677 36.94997888
0.93681686 36.95701398
0.93984695 36.96679077
0.94287704 36.97923777
0.94590713 36.99426433
0.94893722 37.01176152
0.95196731 37.03160315
0.95499740 37.05364695
0.95802749 37.07773583
0.96105758 37.10369920
0.96408767 37.13135436
0.96711776 37.16050793
0.97014785 37.19095723
0.97317794 37.22249169
0.97620803 37.25489421
0.97923812 37.28794252
0.98226821 37.28133048
0.98529830 37.22618626
0.98832839 37.16942803
0.99135849 37.11121585
0.99438858 37.05170964
0.99741867 36.99106987
1.00044876 36.92945843
1.00347885 36.86703962
1.00650894 36.80398125
1.00953903 36.74045580
1.01256912 36.67664145
1.01559921 36.61272309
1.01862930 36.54889316
1.02165939 36.48535239
1.02468948 36.42231034
1.02771957 36.35998580
1.03074966 36.29860703
1.03377975 36.23841183
1.03680984 36.17964747
1.03983993 36.12257052
1.04287002 36.06744643
1.04590011 36.01454910
1.04893020 35.96416017
1.05196029 35.91656819
1.05499038 35.87206753
1.05802047 35.83095709
1.06105056 35.79353851
1.06408065 35.76011418
1.06711075 35.73098452
1.07014084 35.70644486
1.07317093 35.68678146
1.07620102 35.67226691
1.07923111 35.66315462
1.08226120 35.65967262
1.08529129 35.66201666
1.08832138 35.67034275
1.09135147 35.68475964
1.09438156 35.70532140
1.09741165 35.73202082
1.10044174 35.76478399
1.10347183 35.80346680
1.10650192 35.84785355
1.10953201 35.89765829
1.11256210 35.95252868
1.11559219 36.01205242
1.11862228 36.07576582
1.12165237 36.14316390
1.12468246 36.21371147
1.12771255 36.28685444

1.12771255 36.28685444
1.13072131 36.28664823
1.13373006 36.28603048
1.13673882 36.28500382
1.13974757 36.28357263
1.14275632 36.28174299
1.14576508 36.27952270
1.14877383 36.27692123
1.15178258 36.27394967
1.15479134 36.27062070
1.15780009 36.26694853
1.16080885 36.26294886
1.16381760 36.25863879
1.16682635 36.25403678
1.16983511 36.24916256
1.17284386 36.24403707
1.17585262 36.23868237
1.17886137 36.23312154
1.18187012 36.22737862
1.18487888 36.22147848
1.18788763 36.21544677
1.19089639 36.20930979
1.19390514 36.20309436
1.19691389 36.19682780
1.19992265 36.19053771
1.20293140 36.18425197
1.20594015 36.17799852
1.20894891 36.17180532
1.21195766 36.16570020
1.21496642 36.15971072
1.21797517 36.15386411
1.22098392 36.14818704
1.22399268 36.14270562
1.22700143 36.13744514
1.23001019 36.13243006
1.23301894 36.12768382
1.23602769 36.12322871
1.23903645 36.11908577
1.24204520 36.11527470
1.24505396 36.11181367
1.24806271 36.10871928
1.25107146 36.10600643
1.25408022 36.10368822
1.25708897 36.10177592
1.26009772 36.10027880
1.26310648 36.09920418
1.26611523 36.09855730
1.26912399 36.09834132



0.00000000 39.71069770
0.00300875 39.71125046
0.00601751 39.71290666
0.00902626 39.71566000
0.01203502 39.71950002
0.01504377 39.72441210
0.01805252 39.73037751
0.02106128 39.73737345
0.02407003 39.74537309
0.02707879 39.75434566
0.03008754 39.76425651
0.03309629 39.77506717
0.03610505 39.78673547
0.03911380 39.79921563
0.04212255 39.81245834
0.04513131 39.82641087
0.04814006 39.84101723
0.05114882 39.85621823
0.05415757 39.87195164
0.05716632 39.88815230
0.06017508 39.90475228
0.06318383 39.92168097
0.06619259 39.93886524
0.06920134 39.95622960
0.07221009 39.97369630
0.07521885 39.99118547
0.07822760 40.00861529
0.08123636 40.02590211
0.08424511 40.04296055
0.08725386 40.05970372
0.09026262 40.07604327
0.09327137 40.09188954
0.09628012 40.10715171
0.09928888 40.12173791
0.10229763 40.13555534
0.10530639 40.14851036
0.10831514 40.16050864
0.11132389 40.17145525
0.11433265 40.18125476
0.11734140 40.18981133
0.12035016 40.19702884
0.12335891 40.20281091
0.12636766 40.20706107
0.12937642 40.20968278
0.13238517 40.21057951
0.13539393 40.20965484
0.13840268 40.20681251
0.14141143 40.20195648
0.14442019 40.19499100
0.14742894 40.18582066
0.15043769 40.17435047
0.15344645 40.16048584
0.15645520 40.14413272
0.15946396 40.12519757
0.16247271 40.10358748
0.16548146 40.07921011
0.16849022 40.05197385
0.17149897 40.02178776
0.17450773 39.98856167
0.17751648 39.95220618
0.18052523 39.91263276
0.18353399 39.86975370
0.18654274 39.82348222
0.18955150 39.77373251
0.19256025 39.72041972
0.19556900 39.66346004
0.19857776 39.60277074
0.20158651 39.53827023
0.20459527 39.46987806
0.20760402 39.39751503
0.21061277 39.32110320
0.21362153 39.24056594
0.21663028 39.15582804
0.21963903 39.06681569
0.22264779 38.97345661
0.22565654 38.87568007
0.22866530 38.77341696
0.23167405 38.66659989
0.23468280 38.55516321
0.23769156 38.43904312
0.24070031 38.31817771
0.24370907 38.19250708
0.24671782 38.06197337
0.24972657 37.92652085
0.25273533 37.78609602
0.25574408 37.64064766
0.25875284 37.49012694
0.26176159 37.33448747
0.26477034 37.17368540
0.26777910 37.00767947
0.27078785 36.83643114
0.27379660 36.65990463
0.27680536 36.47806700
0.27981411 36.29088823
0.28282287 36.09834132

0.28282287 36.09834132
0.28585296 36.10221322
0.28888305 36.11377634
0.29191314 36.13287563
0.29494323 36.15926145
0.29797332 36.19260150
0.30100341 36.23249548
0.30403350 36.27849089
0.30706359 36.33009860
0.31009368 36.38680708
0.31312377 36.44809472
0.31615386 36.51343974
0.31918395 36.58232785
0.32221404 36.65425781
0.32524413 36.72874523
0.32827422 36.80532486
0.33130431 36.88355186
0.33433440 36.96300225
0.33736449 37.04327282
0.34039458 37.12398071
0.34342467 37.20476281
0.34645476 37.28527507
0.34948486 37.36519180
0.35251495 37.44420503
0.35554504 37.52202392
0.35857513 37.59837430
0.36160522 37.67299828
0.36463531 37.74565396
0.36766540 37.81611523
0.37069549 37.88417166
0.37372558 37.94962845
0.37675567 38.01230650
0.37978576 38.07204243
0.38281585 38.12868875

0.38281585 38.12868875
0.38581564 38.18159609
0.38881543 38.23123451
0.39181522 38.27750787
0.39481501 38.32033596
0.39781480 38.35965468
0.40081459 38.39541624
0.40381438 38.42758931
0.40681417 38.45615909
0.40981396 38.48112746
0.41281374 38.50251296
0.41581353 38.52035080
0.41881332 38.53469281
0.42181311 38.54560722
0.42481290 38.55317852
0.42781269 38.55750710
0.43081248 38.55870889
0.43381227 38.55691486
0.43681206 38.55227045
0.43981185 38.54493484
0.44281164 38.53508022
0.44581143 38.52289085
0.44881122 38.50856208
0.45181101 38.49229923
0.45481080 38.47431642
0.45781059 38.45483529
0.46081038 38.43408362
0.46381017 38.41229391
0.46680996 38.38970193
0.46980975 38.36654518
0.47280953 38.34306137
0.47580932 38.31948689
0.47880911 38.29605527
0.48180890 38.27299572
0.48480869 38.25053170
0.48780848 38.22887954
0.49080827 38.20824716
0.49380806 38.18883288
0.49680785 38.17082436
0.49980764 38.25223240
0.50280743 38.35272312
0.50580722 38.44856834
0.50880701 38.53985966
0.51180680 38.62669294
0.51480659 38.70916788
0.51780638 38.78738773
0.52080617 38.86145886
0.52380596 38.93149048
0.52680575 38.99759425
0.52980554 39.05988401
0.53280532 39.11847540
0.53580511 39.17348560
0.53880490 39.22503298
0.54180469 39.27323688
0.54480448 39.31821727
0.54780427 39.36009452
0.55080406 39.39898913
0.55380385 39.43502146
0.55680364 39.46831155
0.55980343 39.49897884
0.56280322 39.52714200
0.56580301 39.55291870
0.56880280 39.57642542
0.57180259 39.59777729
0.57480238 39.61708789
0.57780217 39.63446913
0.58080196 39.65003103
0.58380175 39.66388167
0.58680154 39.67612698
0.58980133 39.68687067
0.59280111 39.69621407
0.59580090 39.70425607
0.59880069 39.71109299
0.60180048 39.71681850
0.60480027 39.72152355
0.60780006 39.72529627
0.61079985 39.72822190
0.61379964 39.73038276
0.61679943 39.73185814
0.61979922 39.73272430
0.62279901 39.73305436
0.62579880 39.73291830
0.62879859 39.73238293
0.63179838 39.73151178
0.63479817 39.73036516
0.63779796 39.72900004
0.64079775 39.72747010
0.64379754 39.72582566
0.64679733 39.72411363
0.64979712 39.72237758
0.65279690 39.72065761
0.65579669 39.71899042
0.65879648 39.71740925
0.66179627 39.71594387
0.66479606 39.71462060
0.66779585 39.71346224
0.67079564 39.71248811
0.67379543 39.71171404
0.67679522 39.71115234
0.67979501 39.71081180
0.68279480 39.71069770

0.68279480 39.71069770
0.68581865 39.71066631
0.68884250 39.71057205
0.69186635 39.71041469
0.69489020 39.71019377
0.69791405 39.70990861
0.70093790 39.70955824
0.70396174 39.70914131
0.70698559 39.70865601
0.71000944 39.70809997
0.71303329 39.70747013
0.71605714 39.70676261
0.71908099 39.70597259
0.72210484 39.70509410
0.72512869 39.70411992
0.72815254 39.70304138
0.73117639 39.70184817
0.73420024 39.70052818
0.73722409 39.69906729
0.74024793 39.69744923
0.74327178 39.69565534
0.74629563 39.69366441
0.74931948 39.69145251
0.75234333 39.68899282
0.75536718 39.68625545
0.75839103 39.68320729
0.76141488 39.67981191
0.76443873 39.67602938
0.76746258 39.67181622
0.77048643 39.66712529
0.77351028 39.66190571
0.77653413 39.65610290
0.77955797 39.64965848
0.78258182 39.64251034
0.78560567 39.63459272
0.78862952 39.62583625
0.79165337 39.61616808
0.79467722 39.60551212
0.79770107 39.59378914
0.80072492 39.58091713
0.80374877 39.56681155
0.80677262 39.55138570
0.80979647 39.53455116
0.81282032 39.51621824
0.81584417 39.49629655
0.81886801 39.47469559
0.82189186 39.45132551
0.82491571 39.42609779
0.82793956 39.39892622
0.83096341 39.36972782
0.83398726 39.33842397
0.83701111 39.30494161
0.84003496 39.26921464
0.84305881 39.23118544
0.84608266 39.19080659
0.84910651 39.14804279
0.85213036 39.10287304
0.85515421 39.05529304
0.85817805 39.00531791
0.86120190 38.95298524
0.86422575 38.89835848
0.86724960 38.84153077
0.87027345 38.78262913
0.87329730 38.72181912
0.87632115 38.65930994
0.87934500 38.59535989
0.88236885 38.53028209
0.88539270 38.46445037
0.88841655 38.39830495
0.89144040 38.33235746
0.89446425 38.26719480
0.89748809 38.20348080
0.90051194 38.14195473
0.90353579 38.08342525
0.90655964 38.02875834
0.90958349 37.97885790
0.91260734 37.93463810
0.91563119 37.89698741
0.91865504 37.86672576
0.92167889 37.84455779
0.92470274 37.83102719
0.92772659 37.82647775

0.92772659 37.82647775
0.93075668 37.82460043
0.93378677 37.81897643
0.93681686 37.80962969
0.93984695 37.79659985
0.94287704 37.77994194
0.94590713 37.75972589
0.94893722 37.73603589
0.95196731 37.70896958
0.95499740 37.67863707
0.95802749 37.64515979
0.96105758 37.60866921
0.96408767 37.56930539
0.96711776 37.52721546
0.97014785 37.48255209
0.97317794 37.43547197
0.97620803 37.38613444
0.97923812 37.33470021
0.98226821 37.32141039
0.98529830 37.35506891
0.98832839 37.38868758
0.99135849 37.42203545
0.99438858 37.45488212
0.99741867 37.48699871
1.00044876 37.51815875
1.00347885 37.54813903
1.00650894 37.57672040
1.00953903 37.60368853
1.01256912 37.62883458
1.01559921 37.65195588
1.01862930 37.67285659
1.02165939 37.69134829
1.02468948 37.70725056
1.02771957 37.72039158
1.03074966 37.73060869
1.03377975 37.73774894
1.03680984 37.74166967
1.03983993 37.74223908
1.04287002 37.73933684
1.04590011 37.73285466
1.04893020 37.72269695
1.05196029 37.70878152
1.05499038 37.69104025
1.05802047 37.66941988
1.06105056 37.64388283
1.06408065 37.61440807
1.06711075 37.58099211
1.07014084 37.54364995
1.07317093 37.50241631
1.07620102 37.45734673
1.07923111 37.40851889
1.08226120 37.35603399
1.08529129 37.30001820
1.08832138 37.24062412
1.09135147 37.17803240
1.09438156 37.11245322
1.09741165 37.04412784
1.10044174 36.97332997
1.10347183 36.90036697
1.10650192 36.82558072
1.10953201 36.74934806
1.11256210 36.67208064
1.11559219 36.59422390
1.11862228 36.51625521
1.12165237 36.43868069
1.12468246 36.36203081
1.12771255 36.28685444

1.12771255 36.28685444
1.13072131 36.28664823
1.13373006 36.28603048
1.13673882 36.28500382
1.13974757 36.28357263
1.14275632 36.28174299
1.14576508 36.27952270
1.14877383 36.27692123
1.15178258 36.27394967
1.15479134 36.27062070
1.15780009 36.26694853
1.16080885 36.26294886
1.16381760 36.25863879
1.16682635 36.25403678
1.16983511 36.24916256
1.17284386 36.24403707
1.17585262 36.23868237
1.17886137 36.23312154
1.18187012 36.22737862
1.18487888 36.22147848
1.18788763 36.21544677
1.19089639 36.20930979
1.19390514 36.20309436
1.19691389 36.19682780
1.19992265 36.19053771
1.20293140 36.18425197
1.20594015 36.17799852
1.20894891 36.17180532
1.21195766 36.16570020
1.21496642 36.15971072
1.21797517 36.15386411
1.22098392 36.14818704
1.22399268 36.14270562
1.22700143 36.13744514
1.23001019 36.13243006
1.23301894 36.12768382
1.23602769 36.12322871
1.23903645 36.11908577
1.24204520 36.11527470
1.24505396 36.11181367
1.24806271 36.10871928
1.25107146 36.10600643
1.25408022 36.10368822
1.25708897 36.10177592
1.26009772 36.10027880
1.26310648 36.09920418
1.26611523 36.09855730
1.26912399 36.09834132



