0.00000000 0.03593321
0.00300875 0.41113369
0.00601751 0.81959920
0.00902626 1.22797003
0.01203502 1.63554964
0.01504377 2.04195963
0.01805252 2.44688053
0.02106128 2.85001593
0.02407003 3.25108458
0.02707879 3.64981867
0.03008754 4.04596388
0.03309629 4.43928007
0.03610505 4.82954207
0.03911380 5.21654056
0.04212255 5.60008282
0.04513131 5.97999343
0.04814006 6.35611483
0.05114882 6.72830778
0.05415757 7.09645157
0.05716632 7.46044424
0.06017508 7.82020249
0.06318383 8.17566153
0.06619259 8.52677470
0.06920134 8.87351301
0.07221009 9.21586448
0.07521885 9.55383330
0.07822760 9.88743891
0.08123636 10.21671490
0.08424511 10.54170782
0.08725386 10.86247587
0.09026262 11.17908741
0.09327137 11.49161956
0.09628012 11.80015655
0.09928888 12.10478811
0.10229763 12.40560785
0.10530639 12.70271154
0.10831514 12.99619550
0.11132389 13.28615490
0.11433265 13.57268224
0.11734140 13.85586572
0.12035016 14.13578789
0.12335891 14.41252422
0.12636766 14.68614189
0.12937642 14.95669866
0.13238517 15.22424188
0.13539393 15.48880768
0.13840268 15.75042024
0.14141143 16.00909131
0.14442019 16.26481982
0.14742894 16.51759164
0.15043769 16.76737960
0.15344645 17.01414350
0.15645520 17.25783041
0.15946396 17.49837503
0.16247271 17.73570019
0.16548146 17.96971745
0.16849022 18.20032782
0.17149897 18.42742255
0.17450773 18.65088402
0.17751648 18.87058659
0.18052523 19.08639762
0.18353399 19.29817839
0.18654274 19.50578513
0.18955150 19.70906996
0.19256025 19.90788185
0.19556900 20.10206754
0.19857776 20.29147244
0.20158651 20.47594140
0.20459527 20.65531954
0.20760402 20.82945290
0.21061277 20.99818910
0.21362153 21.16137786
0.21663028 21.31887154
0.21963903 21.47052552
0.22264779 21.61619858
0.22565654 21.75575319
0.22866530 21.88905579
0.23167405 22.01597701
0.23468280 22.13639183
0.23769156 22.25017984
0.24070031 22.35722535
0.24370907 22.45741766
0.24671782 22.55065124
0.24972657 22.63682602
0.25273533 22.71584768
0.25574408 22.78762798
0.25875284 22.85208516
0.26176159 22.90914433
0.26477034 22.95873798
0.26777910 23.00080635
0.27078785 23.03529796
0.27379660 23.06217000
0.27680536 23.08138871
0.27981411 23.09292976
0.28282287 23.09677841

0.28282287 23.09677841
0.28585296 23.09542611
0.28888305 23.09136787
0.29191314 23.08459965
0.29494323 23.07511478
0.29797332 23.06290401
0.30100341 23.04795559
0.30403350 23.03025543
0.30706359 23.00978719
0.31009368 22.98653247
0.31312377 22.96047098
0.31615386 22.93158077
0.31918395 22.89983843
0.32221404 22.86521932
0.32524413 22.82769784
0.32827422 22.78724771
0.33130431 22.74384219
0.33433440 22.69745441
0.33736449 22.64805763
0.34039458 22.59562553
0.34342467 22.54013254
0.34645476 22.48155405
0.34948486 22.41986674
0.35251495 22.35504888
0.35554504 22.28708052
0.35857513 22.21594383
0.36160522 22.14162326
0.36463531 22.06410584
0.36766540 21.98338134
0.37069549 21.89944248
0.37372558 21.81228509
0.37675567 21.72190825
0.37978576 21.62831445
0.38281585 21.53150963

0.38281585 21.53150963
0.38581564 21.43251920
0.38881543 21.33040368
0.39181522 21.22517927
0.39481501 21.11686564
0.39781480 21.00548590
0.40081459 20.89106654
0.40381438 20.77363734
0.40681417 20.65323129
0.40981396 20.52988442
0.41281374 20.40363566
0.41581353 20.27452664
0.41881332 20.14260150
0.42181311 20.00790665
0.42481290 19.87049054
0.42781269 19.73040336
0.43081248 19.58769681
0.43381227 19.44242372
0.43681206 19.29463784
0.43981185 19.14439342
0.44281164 18.99174495
0.44581143 18.83674678
0.44881122 18.67945278
0.45181101 18.51991602
0.45481080 18.35818842
0.45781059 18.19432037
0.46081038 18.02836047
0.46381017 17.86035514
0.46680996 17.69034834
0.46980975 17.51838125
0.47280953 17.34449202
0.47580932 17.16871548
0.47880911 16.99108291
0.48180890 16.81162185
0.48480869 16.63035583
0.48780848 16.44730432
0.49080827 16.26248251
0.49380806 16.07590123
0.49680785 15.88756693
0.49980764 15.69748159
0.50280743 15.50564275
0.50580722 15.31204351
0.50880701 15.11667268
0.51180680 14.91951481
0.51480659 14.72055036
0.51780638 14.51975590
0.52080617 14.31710427
0.52380596 14.11256486
0.52680575 13.90610390
0.52980554 13.69768470
0.53280532 13.48726803
0.53580511 13.27481245
0.53880490 13.06027470
0.54180469 12.84361007
0.54480448 12.62477283
0.54780427 12.40371664
0.55080406 12.18039501
0.55380385 11.95476171
0.55680364 11.72677122
0.55980343 11.49637920
0.56280322 11.26354293
0.56580301 11.02822172
0.56880280 10.79037739
0.57180259 10.54997466
0.57480238 10.30698157
0.57780217 10.06136987
0.58080196 9.81311541
0.58380175 9.56219849
0.58680154 9.30860416
0.58980133 9.05232259
0.59280111 8.79334931
0.59580090 8.53168547
0.59880069 8.26733809
0.60180048 8.00032022
0.60480027 7.73065114
0.60780006 7.45835649
0.61079985 7.18346835
0.61379964 6.90602534
0.61679943 6.62607267
0.61979922 6.34366210
0.62279901 6.05885197
0.62579880 5.77170710
0.62879859 5.48229877
0.63179838 5.19070453
0.63479817 4.89700815
0.63779796 4.60129935
0.64079775 4.30367372
0.64379754 4.00423244
0.64679733 3.70308206
0.64979712 3.40033431
0.65279690 3.09610583
0.65579669 2.79051799
0.65879648 2.48369674
0.66179627 2.17577262
0.66479606 1.86688117
0.66779585 1.55716415
0.67079564 1.24677325
0.67379543 0.93588197
0.67679522 0.62473423
0.67979501 0.31398461
0.68279480 0.03593321

0.68279480 0.03593321
0.68581865 0.35166778
0.68884250 0.70032738
0.69186635 1.04910021
0.69489020 1.39728098
0.69791405 1.74453219
0.70093790 2.09058015
0.70396174 2.43517191
0.70698559 2.77806481
0.71000944 3.11902349
0.71303329 3.45781894
0.71605714 3.79422839
0.71908099 4.12803550
0.72210484 4.45903063
0.72512869 4.78701124
0.72815254 5.11178224
0.73117639 5.43315633
0.73420024 5.75095431
0.73722409 6.06500544
0.74024793 6.37514765
0.74327178 6.68122780
0.74629563 6.98310185
0.74931948 7.28063502
0.75234333 7.57370190
0.75536718 7.86218651
0.75839103 8.14598232
0.76141488 8.42499220
0.76443873 8.69912840
0.76746258 8.96831241
0.77048643 9.23247479
0.77351028 9.49155500
0.77653413 9.74550115
0.77955797 9.99426971
0.78258182 10.23782521
0.78560567 10.47613988
0.78862952 10.70919324
0.79165337 10.93697171
0.79467722 11.15946812
0.79770107 11.37668130
0.80072492 11.58861549
0.80374877 11.79527988
0.80677262 11.99668806
0.80979647 12.19285748
0.81282032 12.38380887
0.81584417 12.56956570
0.81886801 12.75015361
0.82189186 12.92559988
0.82491571 13.09593287
0.82793956 13.26118150
0.83096341 13.42137476
0.83398726 13.57654121
0.83701111 13.72670855
0.84003496 13.87190320
0.84305881 14.01214991
0.84608266 14.14747145
0.84910651 14.27788833
0.85213036 14.40341850
0.85515421 14.52407725
0.85817805 14.63987698
0.86120190 14.75082719
0.86422575 14.85693438
0.86724960 14.95820213
0.87027345 15.05463113
0.87329730 15.14621931
0.87632115 15.23296199
0.87934500 15.31485213
0.88236885 15.39188052
0.88539270 15.46403609
0.88841655 15.53130622
0.89144040 15.59367704
0.89446425 15.65113382
0.89748809 15.70366129
0.90051194 15.75124401
0.90353579 15.79386673
0.90655964 15.83151473
0.90958349 15.86417416
0.91260734 15.89183232
0.91563119 15.91447797
0.91865504 15.93210157
0.92167889 15.94469547
0.92470274 15.95225407
0.92772659 15.95477399

0.92772659 15.95477399
0.93075668 15.95862528
0.93378677 15.97016919
0.93681686 15.98937594
0.93984695 16.01619624
0.94287704 16.05056175
0.94590713 16.09238586
0.94893722 16.14156447
0.95196731 16.19797703
0.95499740 16.26148773
0.95802749 16.33194677
0.96105758 16.40919169
0.96408767 16.49304888
0.96711776 16.58333503
0.97014785 16.67985869
0.97317794 16.78242180
0.97620803 16.89082119
0.97923812 17.00485008
0.98226821 17.12429954
0.98529830 17.24895986
0.98832839 17.37862182
0.99135849 17.51307797
0.99438858 17.65212371
0.99741867 17.79555830
1.00044876 17.94318584
1.00347885 18.09481601
1.00650894 18.25026481
1.00953903 18.40935513
1.01256912 18.57191724
1.01559921 18.73778914
1.01862930 18.90681686
1.02165939 19.07885460
1.02468948 19.25376480
1.02771957 19.43141814
1.03074966 19.61169339
1.03377975 19.79447723
1.03680984 19.97966401
1.03983993 20.16715534
1.04287002 20.35685972
1.04590011 20.54869206
1.04893020 20.74257311
1.05196029 20.93842889
1.05499038 21.13619003
1.05802047 21.33579105
1.06105056 21.53716962
1.06408065 21.74026570
1.06711075 21.94502072
1.07014084 22.15137658
1.07317093 22.35927464
1.07620102 22.56865457
1.07923111 22.77945313
1.08226120 22.99160273
1.08529129 23.20502982
1.08832138 23.41965303
1.09135147 23.63538091
1.09438156 23.85210923
1.09741165 24.06971766
1.10044174 24.28806547
1.10347183 24.50698609
1.10650192 24.72627997
1.10953201 24.94570489
1.11256210 25.16496292
1.11559219 25.38368225
1.11862228 25.60139160
1.12165237 25.81748361
1.12468246 26.03116179
1.12771255 26.24136283

1.12771255 26.24136283
1.13072131 26.23372853
1.13373006 26.21107868
1.13673882 26.17413890
1.13974757 26.12401692
1.14275632 26.06208026
1.14576508 25.98983066
1.14877383 25.90879665
1.15178258 25.82045481
1.15479134 25.72618036
1.15780009 25.62722193
1.16080885 25.52469396
1.16381760 25.41958000
1.16682635 25.31274226
1.16983511 25.20493382
1.17284386 25.09681148
1.17585262 24.98894810
1.17886137 24.88184375
1.18187012 24.77593560
1.18487888 24.67160647
1.18788763 24.56919206
1.19089639 24.46898726
1.19390514 24.37125135
1.19691389 24.27621257
1.19992265 24.18407192
1.20293140 24.09500649
1.20594015 24.00917225
1.20894891 23.92670660
1.21195766 23.84773045
1.21496642 23.77235011
1.21797517 23.70065898
1.22098392 23.63273900
1.22399268 23.56866194
1.22700143 23.50849055
1.23001019 23.45227958
1.23301894 23.40007670
1.23602769 23.35192328
1.23903645 23.30785511
1.24204520 23.26790302
1.24505396 23.23209344
1.24806271 23.20044883
1.25107146 23.17298815
1.25408022 23.14972715
1.25708897 23.13067869
1.26009772 23.11585299
1.26310648 23.10525779
1.26611523 23.09889852
1.26912399 23.09677841



0.00000000 0.03593321
0.00300875 0.41113369
0.00601751 0.81959920
0.00902626 1.22797003
0.01203502 1.63554964
0.01504377 2.04195963
0.01805252 2.44688053
0.02106128 2.85001593
0.02407003 3.25108458
0.02707879 3.64981867
0.03008754 4.04596388
0.03309629 4.43928007
0.03610505 4.82954207
0.03911380 5.21654056
0.04212255 5.60008282
0.04513131 5.97999343
0.04814006 6.35611483
0.05114882 6.72830778
0.05415757 7.09645157
0.05716632 7.46044424
0.06017508 7.82020249
0.06318383 8.17566153
0.06619259 8.52677470
0.06920134 8.87351301
0.07221009 9.21586448
0.07521885 9.55383330
0.07822760 9.88743891
0.08123636 10.21671490
0.08424511 10.54170782
0.08725386 10.86247587
0.09026262 11.17908741
0.09327137 11.49161956
0.09628012 11.80015655
0.09928888 12.10478811
0.10229763 12.40560785
0.10530639 12.70271154
0.10831514 12.99619550
0.11132389 13.28615490
0.11433265 13.57268224
0.11734140 13.85586572
0.12035016 14.13578789
0.12335891 14.41252422
0.12636766 14.68614189
0.12937642 14.95669866
0.13238517 15.22424188
0.13539393 15.48880768
0.13840268 15.75042024
0.14141143 16.00909131
0.14442019 16.26481982
0.14742894 16.51759165
0.15043769 16.76737960
0.15344645 17.01414350
0.15645520 17.25783041
0.15946396 17.49837503
0.16247271 17.73570019
0.16548146 17.96971745
0.16849022 18.20032782
0.17149897 18.42742255
0.17450773 18.65088402
0.17751648 18.87058659
0.18052523 19.08639762
0.18353399 19.29817839
0.18654274 19.50578513
0.18955150 19.70906996
0.19256025 19.90788185
0.19556900 20.10206754
0.19857776 20.29147244
0.20158651 20.47594140
0.20459527 20.65531954
0.20760402 20.82945290
0.21061277 20.99818910
0.21362153 21.16137786
0.21663028 21.31887154
0.21963903 21.47052552
0.22264779 21.61619858
0.22565654 21.75575319
0.22866530 21.88905579
0.23167405 22.01597701
0.23468280 22.13639183
0.23769156 22.25017984
0.24070031 22.35722535
0.24370907 22.45741766
0.24671782 22.55065124
0.24972657 22.63682602
0.25273533 22.71584768
0.25574408 22.78762798
0.25875284 22.85208516
0.26176159 22.90914433
0.26477034 22.95873798
0.26777910 23.00080635
0.27078785 23.03529796
0.27379660 23.06217000
0.27680536 23.08138871
0.27981411 23.09292976
0.28282287 23.09677841

0.28282287 23.09677841
0.28585296 23.10243108
0.28888305 23.11938587
0.29191314 23.14763301
0.29494323 23.18715588
0.29797332 23.23793050
0.30100341 23.29992487
0.30403350 23.37309811
0.30706359 23.45739948
0.31009368 23.55276726
0.31312377 23.65912760
0.31615386 23.77639324
0.31918395 23.90446225
0.32221404 24.04321675
0.32524413 24.19252173
0.32827422 24.35222383
0.33130431 24.52215032
0.33433440 24.70210812
0.33736449 24.89188305
0.34039458 25.09123917
0.34342467 25.29991828
0.34645476 25.51763974
0.34948486 25.74410031
0.35251495 25.97897431
0.35554504 26.22191395
0.35857513 26.47254980
0.36160522 26.73049154
0.36463531 26.99532876
0.36766540 27.26663207
0.37069549 27.54395422
0.37372558 27.82683140
0.37675567 28.11478469
0.37978576 28.40732141
0.38281585 28.70393667

0.38281585 28.70393667
0.38581564 29.00109684
0.38881543 29.18378857
0.39181522 29.03942185
0.39481501 28.89424430
0.39781480 28.74829744
0.40081459 28.60161854
0.40381438 28.45424041
0.40681417 28.30619109
0.40981396 28.15749355
0.41281374 28.00816527
0.41581353 27.85821784
0.41881332 27.70765655
0.42181311 27.55647989
0.42481290 27.40467911
0.42781269 27.25223774
0.43081248 27.09913108
0.43381227 26.94532580
0.43681206 26.79077944
0.43981185 26.63544001
0.44281164 26.47924564
0.44581143 26.32212422
0.44881122 26.16399312
0.45181101 26.00475902
0.45481080 25.77526421
0.45781059 25.47706719
0.46081038 25.17740380
0.46381017 24.87644419
0.46680996 24.57435216
0.46980975 24.27128427
0.47280953 23.96738912
0.47580932 23.66280659
0.47880911 23.35766708
0.48180890 23.05209093
0.48480869 22.74618771
0.48780848 22.44005568
0.49080827 22.13378128
0.49380806 21.82743869
0.49680785 21.52108942
0.49980764 21.21478204
0.50280743 20.90855192
0.50580722 20.60242114
0.50880701 20.29639836
0.51180680 19.99047893
0.51480659 19.68464495
0.51780638 19.37886550
0.52080617 19.07309695
0.52380596 18.76728336
0.52680575 18.46135693
0.52980554 18.15523857
0.53280532 17.84883858
0.53580511 17.54205735
0.53880490 17.23478613
0.54180469 16.92690797
0.54480448 16.61829856
0.54780427 16.30882728
0.55080406 15.99835818
0.55380385 15.68675109
0.55680364 15.37386269
0.55980343 15.05954761
0.56280322 14.74365962
0.56580301 14.42605274
0.56880280 14.10658237
0.57180259 13.78510643
0.57480238 13.46148648
0.57780217 13.13558877
0.58080196 12.80728531
0.58380175 12.47645487
0.58680154 12.14298392
0.58980133 11.80676755
0.59280111 11.46771031
0.59580090 11.12572696
0.59880069 10.78074319
0.60180048 10.43269627
0.60480027 10.08153554
0.60780006 9.72722298
0.61079985 9.36973351
0.61379964 9.00905536
0.61679943 8.64519026
0.61979922 8.27815364
0.62279901 7.90797461
0.62579880 7.53469603
0.62879859 7.15837434
0.63179838 6.77907946
0.63479817 6.39689446
0.63779796 6.01191533
0.64079775 5.62425054
0.64379754 5.23402061
0.64679733 4.84135762
0.64979712 4.44640468
0.65279690 4.04931530
0.65579669 3.65025285
0.65879648 3.24938999
0.66179627 2.84690812
0.66479606 2.44299722
0.66779585 2.03785622
0.67079564 1.63169527
0.67379543 1.22474428
0.67679522 0.81728946
0.67979501 0.40993402
0.68279480 0.03593321

0.68279480 0.03593321
0.68581865 0.35166778
0.68884250 0.70032738
0.69186635 1.04910021
0.69489020 1.39728098
0.69791405 1.74453219
0.70093790 2.09058015
0.70396174 2.43517191
0.70698559 2.77806481
0.71000944 3.11902349
0.71303329 3.45781894
0.71605714 3.79422839
0.71908099 4.12803550
0.72210484 4.45903063
0.72512869 4.78701124
0.72815254 5.11178224
0.73117639 5.43315633
0.73420024 5.75095431
0.73722409 6.06500544
0.74024793 6.37514765
0.74327178 6.68122780
0.74629563 6.98310185
0.74931948 7.28063502
0.75234333 7.57370190
0.75536718 7.86218651
0.75839103 8.14598232
0.76141488 8.42499220
0.76443873 8.69912840
0.76746258 8.96831241
0.77048643 9.23247479
0.77351028 9.49155500
0.77653413 9.74550115
0.77955797 9.99426971
0.78258182 10.23782521
0.78560567 10.47613988
0.78862952 10.70919324
0.79165337 10.93697171
0.79467722 11.15946812
0.79770107 11.37668130
0.80072492 11.58861549
0.80374877 11.79527988
0.80677262 11.99668806
0.80979647 12.19285748
0.81282032 12.38380887
0.81584417 12.56956570
0.81886801 12.75015361
0.82189186 12.92559988
0.82491571 13.09593287
0.82793956 13.26118150
0.83096341 13.42137476
0.83398726 13.57654121
0.83701111 13.72670855
0.84003496 13.87190320
0.84305881 14.01214991
0.84608266 14.14747145
0.84910651 14.27788833
0.85213036 14.40341850
0.85515421 14.52407725
0.85817805 14.63987698
0.86120190 14.75082719
0.86422575 14.85693438
0.86724960 14.95820213
0.87027345 15.05463113
0.87329730 15.14621931
0.87632115 15.23296199
0.87934500 15.31485213
0.88236885 15.39188052
0.88539270 15.46403609
0.88841655 15.53130622
0.89144040 15.59367704
0.89446425 15.65113382
0.89748809 15.70366129
0.90051194 15.75124401
0.90353579 15.79386673
0.90655964 15.83151473
0.90958349 15.86417416
0.91260734 15.89183232
0.91563119 15.91447797
0.91865504 15.93210157
0.92167889 15.94469547
0.92470274 15.95225407
0.92772659 15.95477399

0.92772659 15.95477399
0.93075668 15.96377996
0.93378677 15.99074837
0.93681686 16.03553165
0.93984695 16.09788674
0.94287704 16.17747939
0.94590713 16.27388982
0.94893722 16.38661969
0.95196731 16.51509989
0.95499740 16.65869918
0.95802749 16.81673303
0.96105758 16.98847271
0.96408767 17.17315418
0.96711776 17.36998666
0.97014785 17.57816074
0.97317794 17.79685576
0.97620803 18.02524661
0.97923812 18.26250969
0.98226821 18.50782807
0.98529830 18.76039597
0.98832839 19.01942245
0.99135849 19.28413438
0.99438858 19.55377887
0.99741867 19.82762501
1.00044876 20.10496520
1.00347885 20.38511596
1.00650894 20.66741832
1.00953903 20.95123799
1.01256912 21.23596508
1.01559921 21.52101366
1.01862930 21.80582106
1.02165939 22.08984700
1.02468948 22.37257250
1.02771957 22.65349864
1.03074966 22.93214515
1.03377975 23.20804883
1.03680984 23.48076169
1.03983993 23.74984895
1.04287002 24.01488660
1.04590011 24.27545860
1.04893020 24.53115349
1.05196029 24.78156025
1.05499038 25.02626300
1.05802047 25.26483425
1.06105056 25.49682595
1.06408065 25.72175737
1.06711075 25.93909854
1.07014084 26.14824690
1.07317093 26.34849418
1.07620102 26.53897858
1.07923111 26.71861528
1.08226120 26.88599536
1.08529129 27.03924098
1.08832138 27.17580677
1.09135147 27.29223624
1.09438156 27.38394542
1.09741165 27.44525240
1.10044174 27.47007194
1.10347183 27.45362664
1.10650192 27.39464586
1.10953201 27.29636685
1.11256210 27.16529489
1.11559219 27.00886125
1.11862228 26.83369745
1.12165237 26.64501040
1.12468246 26.44664256
1.12771255 26.24136283

1.12771255 26.24136283
1.13072131 26.23372853
1.13373006 26.21107868
1.13673882 26.17413890
1.13974757 26.12401692
1.14275632 26.06208026
1.14576508 25.98983066
1.14877383 25.90879665
1.15178258 25.82045481
1.15479134 25.72618036
1.15780009 25.62722193
1.16080885 25.52469396
1.16381760 25.41958000
1.16682635 25.31274226
1.16983511 25.20493382
1.17284386 25.09681148
1.17585262 24.98894810
1.17886137 24.88184375
1.18187012 24.77593560
1.18487888 24.67160647
1.18788763 24.56919207
1.19089639 24.46898726
1.19390514 24.37125135
1.19691389 24.27621257
1.19992265 24.18407192
1.20293140 24.09500649
1.20594015 24.00917225
1.20894891 23.92670660
1.21195766 23.84773045
1.21496642 23.77235011
1.21797517 23.70065898
1.22098392 23.63273900
1.22399268 23.56866194
1.22700143 23.50849055
1.23001019 23.45227958
1.23301894 23.40007670
1.23602769 23.35192328
1.23903645 23.30785511
1.24204520 23.26790302
1.24505396 23.23209344
1.24806271 23.20044883
1.25107146 23.17298815
1.25408022 23.14972715
1.25708897 23.13067869
1.26009772 23.11585299
1.26310648 23.10525779
1.26611523 23.09889852
1.26912399 23.09677841



0.00000000 0.03593321
0.00300875 0.44473201
0.00601751 0.88722687
0.00902626 1.33009189
0.01203502 1.77290958
0.01504377 2.21555401
0.01805252 2.65795016
0.02106128 3.10003988
0.02407003 3.54177367
0.02707879 3.98310826
0.03008754 4.42400577
0.03309629 4.86443350
0.03610505 5.30436379
0.03911380 5.74377404
0.04212255 6.18264663
0.04513131 6.62096878
0.04814006 7.05873232
0.05114882 7.49593345
0.05415757 7.93257232
0.05716632 8.36865262
0.06017508 8.80418098
0.06318383 9.23916643
0.06619259 9.67361967
0.06920134 10.10755234
0.07221009 10.54097625
0.07521885 10.97390255
0.07822760 11.40634088
0.08123636 11.83829849
0.08424511 12.26977940
0.08725386 12.70078351
0.09026262 13.13130580
0.09327137 13.56133550
0.09628012 13.99085536
0.09928888 14.41984098
0.10229763 14.84826015
0.10530639 15.27607232
0.10831514 15.70322819
0.11132389 16.12966932
0.11433265 16.55532786
0.11734140 16.98012646
0.12035016 17.40397820
0.12335891 17.82678667
0.12636766 18.24844617
0.12937642 18.66884198
0.13238517 19.08785080
0.13539393 19.50534126
0.13840268 19.92117448
0.14141143 20.33520484
0.14442019 20.74728067
0.14742894 21.15724519
0.15043769 21.56493737
0.15344645 21.97019294
0.15645520 22.37284537
0.15946396 22.77272694
0.16247271 23.16966980
0.16548146 23.56350704
0.16849022 23.95407376
0.17149897 24.34120812
0.17450773 24.72475240
0.17751648 25.10455391
0.18052523 25.48046602
0.18353399 25.85234898
0.18654274 26.22007076
0.18955150 26.58350775
0.19256025 26.94254545
0.19556900 27.29707899
0.19857776 27.64701363
0.20158651 27.99226507
0.20459527 28.33275970
0.20760402 28.66843479
0.21061277 28.99923847
0.21362153 29.32512965
0.21663028 29.64607785
0.21963903 29.96206289
0.22264779 30.27307447
0.22565654 30.57911169
0.22866530 30.88018243
0.23167405 31.17630267
0.23468280 31.46749574
0.23769156 31.75379145
0.24070031 32.03522524
0.24370907 32.31183720
0.24671782 32.58367109
0.24972657 32.85077335
0.25273533 33.09651528
0.25574408 33.04386423
0.25875284 32.99616432
0.26176159 32.95360323
0.26477034 32.91635185
0.26777910 32.88456248
0.27078785 32.85836715
0.27379660 32.83787608
0.27680536 32.82317643
0.27981411 32.81433120
0.28282287 32.81137854

0.28282287 32.81137854
0.28585296 32.80574541
0.28888305 32.78895523
0.29191314 32.76132419
0.29494323 32.72334409
0.29797332 32.67563771
0.30100341 32.61890978
0.30403350 32.55390096
0.30706359 32.48135008
0.31009368 32.40196631
0.31312377 32.31641139
0.31615386 32.22529001
0.31918395 32.12914645
0.32221404 32.02846547
0.32524413 31.92367581
0.32827422 31.81515507
0.33130431 31.70323514
0.33433440 31.58820775
0.33736449 31.47032957
0.34039458 31.34982706
0.34342467 31.22690065
0.34645476 31.10172849
0.34948486 30.97446968
0.35251495 30.84526704
0.35554504 30.71424946
0.35857513 30.58153393
0.36160522 30.44722724
0.36463531 30.31142736
0.36766540 30.17422465
0.37069549 30.03570277
0.37372558 29.89593954
0.37675567 29.75500749
0.37978576 29.61297435
0.38281585 29.46990342

0.38281585 29.46990342
0.38581564 29.32729893
0.38881543 29.30123816
0.39181522 29.60383888
0.39481501 29.90835705
0.39781480 30.21417159
0.40081459 30.51930764
0.40381438 30.44008597
0.40681417 30.19570607
0.40981396 29.94633149
0.41281374 29.69247074
0.41581353 29.43434251
0.41881332 29.17213395
0.42181311 28.90602754
0.42481290 28.63620666
0.42781269 28.36285690
0.43081248 28.08616613
0.43381227 27.80632418
0.43681206 27.52352228
0.43981185 27.23795242
0.44281164 26.94980665
0.44581143 26.65927631
0.44881122 26.36655127
0.45181101 26.07181908
0.45481080 25.84431775
0.45781059 25.68255421
0.46081038 25.51934247
0.46381017 25.35454585
0.46680996 25.18801715
0.46980975 25.01959904
0.47280953 24.84912440
0.47580932 24.67641697
0.47880911 24.50129192
0.48180890 24.32355661
0.48480869 24.14301147
0.48780848 23.95945085
0.49080827 23.77266409
0.49380806 23.58243654
0.49680785 23.38855067
0.49980764 23.19078725
0.50280743 22.98892649
0.50580722 22.78274927
0.50880701 22.57203825
0.51180680 22.35657909
0.51480659 22.13616152
0.51780638 21.91058044
0.52080617 21.67963694
0.52380596 21.44313921
0.52680575 21.20090348
0.52980554 20.95275475
0.53280532 20.69852757
0.53580511 20.43806660
0.53880490 20.17122724
0.54180469 19.89787603
0.54480448 19.61789109
0.54780427 19.33116242
0.55080406 19.03759216
0.55380385 18.73709478
0.55680364 18.42959722
0.55980343 18.11503901
0.56280322 17.79337226
0.56580301 17.46456173
0.56880280 17.12858481
0.57180259 16.78543145
0.57480238 16.43510411
0.57780217 16.07761770
0.58080196 15.71299946
0.58380175 15.34128888
0.58680154 14.96253759
0.58980133 14.57680917
0.59280111 14.18417913
0.59580090 13.78473466
0.59880069 13.37857454
0.60180048 12.96580897
0.60480027 12.54655940
0.60780006 12.12095833
0.61079985 11.68914915
0.61379964 11.25128591
0.61679943 10.80753311
0.61979922 10.35806545
0.62279901 9.90306761
0.62579880 9.44273395
0.62879859 8.97726823
0.63179838 8.50688332
0.63479817 8.03180084
0.63779796 7.55225088
0.64079775 7.06847157
0.64379754 6.58070875
0.64679733 6.08921558
0.64979712 5.59425212
0.65279690 5.09608492
0.65579669 4.59498667
0.65879648 4.09123579
0.66179627 3.58511619
0.66479606 3.07691724
0.66779585 2.56693416
0.67079564 2.05547006
0.67379543 1.54284281
0.67679522 1.02941428
0.67979501 0.51579797
0.68279480 0.03593321

0.68279480 0.03593321
0.68581865 0.54208210
0.68884250 1.08214285
0.69186635 1.62213409
0.69489020 2.16152725
0.69791405 2.70003404
0.70093790 3.23740909
0.70396174 3.77342239
0.70698559 4.30785291
0.71000944 4.84048696
0.71303329 5.37111795
0.71605714 5.89954658
0.71908099 6.42558128
0.72210484 6.94903860
0.72512869 7.46974372
0.72815254 7.98753082
0.73117639 8.50224349
0.73420024 9.01373506
0.73722409 9.52186884
0.74024793 10.02651833
0.74327178 10.52756734
0.74629563 11.02491008
0.74931948 11.51845107
0.75234333 12.00810510
0.75536718 12.49379697
0.75839103 12.97546131
0.76141488 13.45304214
0.76443873 13.92649248
0.76746258 14.39577379
0.77048643 14.86085541
0.77351028 15.32171382
0.77653413 15.77833192
0.77955797 16.23069815
0.78258182 16.67880565
0.78560567 17.12265119
0.78862952 17.56223423
0.79165337 17.99755578
0.79467722 18.42861730
0.79770107 18.85541952
0.80072492 19.27796120
0.80374877 19.69623797
0.80677262 20.11024101
0.80979647 20.51995581
0.81282032 20.92536091
0.81584417 21.32642655
0.81886801 21.72311348
0.82189186 22.11537155
0.82491571 22.50313853
0.82793956 22.88633870
0.83096341 23.26488164
0.83398726 23.63866083
0.83701111 24.00755231
0.84003496 24.37141332
0.84305881 24.73008082
0.84608266 25.08336998
0.84910651 25.43107259
0.85213036 25.77295531
0.85515421 26.10875784
0.85817805 26.43819089
0.86120190 26.76093395
0.86422575 27.07663291
0.86724960 27.38489738
0.87027345 27.68529784
0.87329730 27.97736254
0.87632115 28.26057430
0.87934500 28.53436710
0.88236885 28.79812290
0.88539270 29.05116856
0.88841655 29.29277353
0.89144040 29.52214848
0.89446425 29.73844563
0.89748809 29.94076145
0.90051194 30.12814266
0.90353579 30.29959646
0.90655964 30.45410600
0.90958349 30.59065170
0.91260734 30.70823881
0.91563119 30.80593060
0.91865504 30.88288566
0.92167889 30.93839674
0.92470274 30.97192742
0.92772659 30.98314235

0.92772659 30.98314235
0.93075668 30.98251317
0.93378677 30.98062960
0.93681686 30.97750342
0.93984695 30.97315416
0.94287704 30.96760882
0.94590713 30.96090160
0.94893722 30.95307351
0.95196731 30.94417189
0.95499740 30.93424993
0.95802749 30.92336605
0.96105758 30.91158326
0.96408767 30.89896852
0.96711776 30.88559199
0.97014785 30.87152631
0.97317794 30.85684581
0.97620803 30.84162578
0.97923812 30.82594166
0.98226821 30.80986826
0.98529830 30.79347901
0.98832839 30.77684521
0.99135849 30.76003526
0.99438858 30.74311395
0.99741867 30.72614183
1.00044876 30.70917446
1.00347885 30.69226187
1.00650894 30.67544794
1.00953903 30.65876983
1.01256912 30.64225752
1.01559921 30.62593333
1.01862930 30.60981148
1.02165939 30.59389774
1.02468948 30.57818910
1.02771957 30.56267347
1.03074966 30.54732943
1.03377975 30.53212606
1.03680984 30.51702274
1.03983993 30.50196910
1.04287002 30.48690487
1.04590011 30.47175989
1.04893020 30.45645411
1.05196029 30.44089762
1.05499038 30.42499077
1.05802047 30.40862427
1.06105056 30.39167940
1.06408065 30.37402827
1.06711075 30.35553411
1.07014084 30.33605172
1.07317093 30.31542800
1.07620102 30.29350259
1.07923111 30.27010875
1.08226120 30.24507442
1.08529129 30.19958068
1.08832138 30.00790954
1.09135147 29.82867631
1.09438156 29.66655456
1.09741165 29.52733292
1.10044174 29.41722129
1.10347183 29.34114040
1.10650192 29.30052333
1.10953201 29.29231465
1.11256210 29.31021020
1.11559219 29.34699886
1.11862228 29.39628745
1.12165237 29.45312469
1.12468246 29.51393963
1.12771255 29.57624911

1.12771255 29.57624911
1.13072131 29.58397405
1.13373006 29.60689519
1.13673882 29.64428508
1.13974757 29.69503299
1.14275632 29.75776723
1.14576508 29.83098092
1.14877383 29.91313942
1.15178258 30.00275924
1.15479134 30.09845763
1.15780009 30.19897787
1.16080885 30.30319710
1.16381760 30.41012318
1.16682635 30.51888525
1.16983511 30.62872176
1.17284386 30.73896766
1.17585262 30.84904227
1.17886137 30.95843818
1.18187012 31.06671146
1.18487888 31.17347314
1.18788763 31.27838196
1.19089639 31.38113808
1.19390514 31.48147772
1.19691389 31.57916853
1.19992265 31.67400558
1.20293140 31.76580783
1.20594015 31.85441506
1.20894891 31.93968511
1.21195766 32.02149143
1.21496642 32.09972090
1.21797517 32.17427181
1.22098392 32.24505217
1.22399268 32.31197814
1.22700143 32.37497266
1.23001019 32.43396436
1.23301894 32.48888660
1.23602769 32.53967680
1.23903645 32.58627594
1.24204520 32.62862830
1.24505396 32.66668143
1.24806271 32.70038632
1.25107146 32.72969772
1.25408022 32.75457464
1.25708897 32.77498089
1.26009772 32.79088573
1.26310648 32.80226449
1.26611523 32.80909910
1.26912399 32.81137854



0.00000000 39.31166181
0.00300875 39.30999544
0.00601751 39.30499985
0.00902626 39.29668559
0.01203502 39.28507016
0.01504377 39.27017790
0.01805252 39.25203986
0.02106128 39.23069354
0.02407003 39.20618271
0.02707879 39.17855710
0.03008754 39.14787206
0.03309629 39.11418825
0.03610505 39.07757119
0.03911380 39.03809087
0.04212255 38.99582130
0.04513131 38.95084001
0.04814006 38.90322755
0.05114882 38.85306699
0.05415757 38.80044335
0.05716632 38.74544309
0.06017508 38.68815355
0.06318383 38.62866237
0.06619259 38.56705699
0.06920134 38.50342409
0.07221009 38.43784906
0.07521885 38.37041551
0.07822760 38.30120483
0.08123636 38.23029566
0.08424511 38.15776357
0.08725386 38.08368068
0.09026262 38.00811529
0.09327137 37.93113167
0.09628012 37.85278984
0.09928888 37.77314541
0.10229763 37.69224948
0.10530639 37.61014866
0.10831514 37.52688506
0.11132389 37.44249648
0.11433265 37.35701651
0.11734140 37.27047485
0.12035016 37.18289761
0.12335891 37.09430771
0.12636766 37.00472532
0.12937642 36.91416842
0.13238517 36.82265332
0.13539393 36.73019536
0.13840268 36.63680952
0.14141143 36.54251121
0.14442019 36.44731696
0.14742894 36.35124526
0.15043769 36.25431735
0.15344645 36.15655801
0.15645520 36.05799642
0.15946396 35.95866697
0.16247271 35.85861003
0.16548146 35.75787277
0.16849022 35.65650989
0.17149897 35.55458432
0.17450773 35.45216787
0.17751648 35.34934187
0.18052523 35.24619765
0.18353399 35.14283703
0.18654274 35.03937268
0.18955150 34.93592843
0.19256025 34.83263943
0.19556900 34.72965226
0.19857776 34.62712491
0.20158651 34.52522668
0.20459527 34.42413789
0.20760402 34.32404959
0.21061277 34.22516301
0.21362153 34.12768904
0.21663028 34.03184742
0.21963903 33.93786597
0.22264779 33.84597957
0.22565654 33.75642907
0.22866530 33.66946007
0.23167405 33.58532160
0.23468280 33.50426460
0.23769156 33.42654043
0.24070031 33.35239909
0.24370907 33.28208754
0.24671782 33.21584778
0.24972657 33.15391493
0.25273533 33.09651528
0.25574408 33.04386423
0.25875284 32.99616432
0.26176159 32.95360323
0.26477034 32.91635185
0.26777910 32.88456248
0.27078785 32.85836715
0.27379660 32.83787608
0.27680536 32.82317643
0.27981411 32.81433120
0.28282287 32.81137854

0.28282287 32.81137854
0.28585296 32.81239644
0.28888305 32.81544932
0.29191314 32.82053480
0.29494323 32.82764886
0.29797332 32.83678588
0.30100341 32.84793861
0.30403350 32.86109819
0.30706359 32.87625406
0.31009368 32.89339403
0.31312377 32.91250421
0.31615386 32.93356902
0.31918395 32.95657112
0.32221404 32.98149148
0.32524413 33.00830927
0.32827422 33.03700193
0.33130431 33.06754511
0.33433440 33.09991265
0.33736449 33.13407664
0.34039458 33.17000736
0.34342467 33.20767335
0.34645476 33.24704135
0.34948486 33.28807639
0.35251495 33.33074181
0.35554504 33.37499924
0.35857513 33.42080875
0.36160522 33.32937804
0.36463531 33.15999776
0.36766540 32.98442310
0.37069549 32.80271473
0.37372558 32.61494088
0.37675567 32.42117762
0.37978576 32.22150909
0.38281585 32.01602782

0.38281585 32.01602782
0.38581564 31.80697512
0.38881543 31.59243296
0.39181522 31.37252206
0.39481501 31.14738649
0.39781480 30.91725416
0.40081459 30.68371314
0.40381438 30.83006374
0.40681417 31.13673694
0.40981396 31.44321040
0.41281374 31.74862895
0.41581353 32.05244053
0.41881332 32.35413909
0.42181311 32.65323871
0.42481290 32.94926903
0.42781269 33.24177471
0.43081248 33.53031611
0.43381227 33.81447021
0.43681206 34.09383168
0.43981185 34.36801391
0.44281164 34.63665004
0.44581143 34.89939384
0.44881122 35.15592063
0.45181101 35.33273539
0.45481080 35.40207899
0.45781059 35.47147025
0.46081038 35.54088258
0.46381017 35.61029131
0.46680996 35.67967365
0.46980975 35.74900865
0.47280953 35.81827719
0.47580932 35.88746184
0.47880911 35.95654683
0.48180890 36.02551791
0.48480869 36.09436227
0.48780848 36.16306841
0.49080827 36.23162598
0.49380806 36.30002567
0.49680785 36.36825901
0.49980764 36.43631826
0.50280743 36.50419618
0.50580722 36.57188587
0.50880701 36.63938063
0.51180680 36.70667368
0.51480659 36.77375806
0.51780638 36.84062638
0.52080617 36.90010946
0.52380596 36.92337531
0.52680575 36.94946549
0.52980554 36.97837280
0.53280532 37.01007516
0.53580511 37.04453586
0.53880490 37.08170386
0.54180469 37.12151428
0.54480448 37.16388893
0.54780427 37.20873692
0.55080406 37.25595535
0.55380385 37.30543007
0.55680364 37.35703646
0.55980343 37.41064028
0.56280322 37.46609854
0.56580301 37.52326035
0.56880280 37.58196781
0.57180259 37.64205694
0.57480238 37.70335849
0.57780217 37.76569885
0.58080196 37.82890085
0.58380175 37.89278464
0.58680154 37.95716839
0.58980133 38.02186912
0.59280111 38.08670339
0.59580090 38.15148800
0.59880069 38.21604059
0.60180048 38.28018035
0.60480027 38.34372852
0.60780006 38.40650896
0.61079985 38.46834865
0.61379964 38.52907820
0.61679943 38.58853225
0.61979922 38.64654991
0.62279901 38.70297512
0.62579880 38.75765704
0.62879859 38.81045035
0.63179838 38.86121556
0.63479817 38.90981931
0.63779796 38.95613459
0.64079775 39.00004101
0.64379754 39.04142502
0.64679733 39.08018009
0.64979712 39.11620688
0.65279690 39.14941345
0.65579669 39.17971535
0.65879648 39.20703582
0.66179627 39.23130585
0.66479606 39.25246430
0.66779585 39.27045803
0.67079564 39.28524191
0.67379543 39.29677895
0.67679522 39.30504033
0.67979501 39.31000541
0.68279480 39.31166181

0.68279480 39.31166181
0.68581865 39.31031723
0.68884250 39.30628686
0.69186635 39.29958075
0.69489020 39.29021569
0.69791405 39.27821503
0.70093790 39.26360872
0.70396174 39.24643312
0.70698559 39.22673093
0.71000944 39.20455102
0.71303329 39.17994829
0.71605714 39.15298346
0.71908099 39.12372287
0.72210484 39.09223827
0.72512869 39.05860655
0.72815254 39.02290948
0.73117639 38.98523347
0.73420024 38.94566918
0.73722409 38.90431132
0.74024793 38.86125821
0.74327178 38.81661151
0.74629563 38.77047583
0.74931948 38.72295835
0.75234333 38.67416849
0.75536718 38.62421745
0.75839103 38.57321790
0.76141488 38.52128348
0.76443873 38.46852852
0.76746258 38.41506751
0.77048643 38.36101479
0.77351028 38.30648413
0.77653413 38.25158832
0.77955797 38.19643880
0.78258182 38.14114528
0.78560567 38.08581540
0.78862952 38.03055436
0.79165337 37.97546464
0.79467722 37.92064561
0.79770107 37.86619336
0.80072492 37.81220034
0.80374877 37.75875519
0.80677262 37.70594252
0.80979647 37.65384272
0.81282032 37.60253185
0.81584417 37.55208151
0.81886801 37.50255873
0.82189186 37.45402599
0.82491571 37.40654114
0.82793956 37.36015745
0.83096341 37.31492367
0.83398726 37.27088405
0.83701111 37.22807852
0.84003496 37.18654277
0.84305881 37.14630839
0.84608266 37.10740313
0.84910651 37.06985100
0.85213036 37.03367253
0.85515421 36.99888500
0.85817805 36.96550266
0.86120190 36.93353698
0.86422575 36.90299689
0.86724960 36.87388903
0.87027345 36.84621801
0.87329730 36.81998666
0.87632115 36.79519621
0.87934500 36.77184661
0.88236885 36.74993667
0.88539270 36.72946431
0.88841655 36.71042674
0.89144040 36.69282064
0.89446425 36.67664232
0.89748809 36.66188789
0.90051194 36.64855337
0.90353579 36.63663485
0.90655964 36.62612853
0.90958349 36.61703087
0.91260734 36.60933868
0.91563119 36.60304910
0.91865504 36.59815977
0.92167889 36.59466877
0.92470274 36.59257473
0.92772659 36.59187681

0.92772659 36.59187681
0.93075668 36.59038097
0.93378677 36.58589136
0.93681686 36.57840149
0.93984695 36.56789978
0.94287704 36.55436849
0.94590713 36.53778196
0.94893722 36.51810442
0.95196731 36.49528692
0.95499740 36.46926355
0.95802749 36.43994659
0.96105758 36.40722049
0.96408767 36.37093460
0.96711776 36.33089454
0.97014785 36.28685222
0.97317794 36.23849520
0.97620803 36.18543634
0.97923812 36.12720589
0.98226821 36.06324943
0.98529830 35.99293634
0.98832839 35.91558422
0.99135849 35.83050268
0.99438858 35.73705546
0.99741867 35.63473132
1.00044876 35.52320689
1.00347885 35.40238354
1.00650894 35.27238745
1.00953903 35.13353632
1.01256912 34.98628600
1.01559921 34.83117372
1.01862930 34.66876992
1.02165939 34.49964385
1.02468948 34.32434280
1.02771957 34.14338213
1.03074966 33.95724255
1.03377975 33.76637195
1.03680984 33.57118950
1.03983993 33.37209096
1.04287002 33.16945441
1.04590011 32.96364614
1.04893020 32.75502676
1.05196029 32.54395758
1.05499038 32.33080775
1.05802047 32.11596260
1.06105056 31.89983381
1.06408065 31.68287262
1.06711075 31.46558743
1.07014084 31.24856789
1.07317093 31.03251902
1.07620102 30.81830978
1.07923111 30.60704350
1.08226120 30.40015986
1.08529129 30.21822365
1.08832138 30.18937829
1.09135147 30.15836031
1.09438156 30.12499462
1.09741165 30.08911282
1.10044174 30.05055798
1.10347183 30.00919086
1.10650192 29.96489810
1.10953201 29.91760311
1.11256210 29.86728057
1.11559219 29.81397633
1.11862228 29.75783493
1.12165237 29.69913820
1.12468246 29.63836059
1.12771255 29.57624911

1.12771255 29.57624911
1.13072131 29.58397405
1.13373006 29.60689519
1.13673882 29.64428508
1.13974757 29.69503299
1.14275632 29.75776723
1.14576508 29.83098092
1.14877383 29.91313942
1.15178258 30.00275924
1.15479134 30.09845763
1.15780009 30.19897787
1.16080885 30.30319710
1.16381760 30.41012318
1.16682635 30.51888525
1.16983511 30.62872176
1.17284386 30.73896766
1.17585262 30.84904227
1.17886137 30.95843818
1.18187012 31.06671146
1.18487888 31.17347314
1.18788763 31.27838196
1.19089639 31.38113808
1.19390514 31.48147772
1.19691389 31.57916853
1.19992265 31.67400558
1.20293140 31.76580783
1.20594015 31.85441506
1.20894891 31.93968511
1.21195766 32.02149143
1.21496642 32.09972090
1.21797517 32.17427181
1.22098392 32.24505217
1.22399268 32.31197814
1.22700143 32.37497266
1.23001019 32.43396436
1.23301894 32.48888660
1.23602769 32.53967680
1.23903645 32.58627594
1.24204520 32.62862830
1.24505396 32.66668143
1.24806271 32.70038632
1.25107146 32.72969772
1.25408022 32.75457464
1.25708897 32.77498089
1.26009772 32.79088573
1.26310648 32.80226449
1.26611523 32.80909910
1.26912399 32.81137854



0.00000000 39.31166181
0.00300875 39.30999544
0.00601751 39.30499985
0.00902626 39.29668559
0.01203502 39.28507016
0.01504377 39.27017790
0.01805252 39.25203986
0.02106128 39.23069354
0.02407003 39.20618271
0.02707879 39.17855710
0.03008754 39.14787206
0.03309629 39.11418825
0.03610505 39.07757119
0.03911380 39.03809087
0.04212255 38.99582130
0.04513131 38.95084001
0.04814006 38.90322755
0.05114882 38.85306699
0.05415757 38.80044335
0.05716632 38.74544309
0.06017508 38.68815355
0.06318383 38.62866237
0.06619259 38.56705699
0.06920134 38.50342409
0.07221009 38.43784906
0.07521885 38.37041551
0.07822760 38.30120483
0.08123636 38.23029566
0.08424511 38.15776357
0.08725386 38.08368068
0.09026262 38.00811529
0.09327137 37.93113167
0.09628012 37.85278984
0.09928888 37.77314541
0.10229763 37.69224948
0.10530639 37.61014866
0.10831514 37.52688506
0.11132389 37.44249648
0.11433265 37.35701651
0.11734140 37.27047485
0.12035016 37.18289761
0.12335891 37.09430771
0.12636766 37.00472532
0.12937642 36.91416842
0.13238517 36.82265332
0.13539393 36.73019536
0.13840268 36.63680952
0.14141143 36.54251121
0.14442019 36.44731696
0.14742894 36.35124526
0.15043769 36.25431735
0.15344645 36.15655801
0.15645520 36.05799642
0.15946396 35.95866697
0.16247271 35.85861003
0.16548146 35.75787277
0.16849022 35.65650989
0.17149897 35.55458432
0.17450773 35.45216787
0.17751648 35.34934187
0.18052523 35.24619765
0.18353399 35.14283703
0.18654274 35.03937268
0.18955150 34.93592843
0.19256025 34.83263943
0.19556900 34.72965226
0.19857776 34.62712491
0.20158651 34.52522668
0.20459527 34.42413789
0.20760402 34.32404959
0.21061277 34.22516301
0.21362153 34.12768904
0.21663028 34.03184742
0.21963903 33.93786597
0.22264779 33.84597957
0.22565654 33.75642907
0.22866530 33.66946007
0.23167405 33.58532160
0.23468280 33.50426460
0.23769156 33.42654043
0.24070031 33.35239909
0.24370907 33.28208754
0.24671782 33.21584778
0.24972657 33.15391493
0.25273533 33.11319206
0.25574408 33.37097590
0.25875284 33.62417317
0.26176159 33.87283076
0.26477034 34.11699323
0.26777910 34.35670188
0.27078785 34.59199390
0.27379660 34.82290159
0.27680536 35.04945169
0.27981411 35.27166473
0.28282287 35.48955455

0.28282287 35.48955455
0.28585296 35.48638359
0.28888305 35.47686984
0.29191314 35.46101063
0.29494323 35.43880165
0.29797332 35.41023699
0.30100341 35.37530933
0.30403350 35.33401011
0.30706359 35.28632981
0.31009368 35.23225816
0.31312377 35.17178453
0.31615386 35.10489820
0.31918395 35.03158875
0.32221404 34.95184647
0.32524413 34.86566277
0.32827422 34.77303060
0.33130431 34.67394491
0.33433440 34.56840310
0.33736449 34.45640548
0.34039458 34.33795576
0.34342467 34.21306147
0.34645476 34.08173445
0.34948486 33.94399127
0.35251495 33.79985368
0.35554504 33.64934901
0.35857513 33.49251057
0.36160522 33.46812881
0.36463531 33.51691640
0.36766540 33.56712709
0.37069549 33.61871510
0.37372558 33.67163342
0.37675567 33.72583387
0.37978576 33.78126726
0.38281585 33.83788347

0.38281585 33.83788347
0.38581564 33.89504867
0.38881543 33.95327321
0.39181522 34.01250654
0.39481501 34.07269776
0.39781480 34.13379572
0.40081459 34.19574920
0.40381438 34.25850703
0.40681417 34.32201826
0.40981396 34.38623229
0.41281374 34.45109903
0.41581353 34.51656904
0.41881332 34.58259367
0.42181311 34.64912520
0.42481290 34.71611698
0.42781269 34.78352356
0.43081248 34.85130080
0.43381227 34.91940598
0.43681206 34.98779792
0.43981185 35.05643705
0.44281164 35.12528552
0.44581143 35.19430725
0.44881122 35.26346800
0.45181101 35.40592805
0.45481080 35.64913676
0.45781059 35.88529103
0.46081038 36.11415934
0.46381017 36.33553474
0.46680996 36.54923527
0.46980975 36.75510418
0.47280953 36.86276353
0.47580932 36.85114200
0.47880911 36.84068131
0.48180890 36.83155512
0.48480869 36.82393227
0.48780848 36.81797572
0.49080827 36.81384149
0.49380806 36.81167757
0.49680785 36.81162297
0.49980764 36.81380668
0.50280743 36.81834677
0.50580722 36.82534953
0.50880701 36.83490871
0.51180680 36.84710480
0.51480659 36.86200448
0.51780638 36.87966013
0.52080617 36.90727066
0.52380596 36.97368213
0.52680575 37.03985105
0.52980554 37.10576650
0.53280532 37.17141627
0.53580511 37.23678664
0.53880490 37.30186225
0.54180469 37.36662593
0.54480448 37.43105861
0.54780427 37.49513918
0.55080406 37.55884436
0.55380385 37.62214865
0.55680364 37.68502425
0.55980343 37.74744098
0.56280322 37.80936627
0.56580301 37.87076514
0.56880280 37.93160018
0.57180259 37.99183158
0.57480238 38.05141717
0.57780217 38.11031246
0.58080196 38.16847077
0.58380175 38.22584325
0.58680154 38.28237903
0.58980133 38.33802536
0.59280111 38.39272774
0.59580090 38.44643008
0.59880069 38.49907491
0.60180048 38.55060351
0.60480027 38.60095619
0.60780006 38.65007243
0.61079985 38.69789118
0.61379964 38.74435103
0.61679943 38.78939050
0.61979922 38.83294826
0.62279901 38.87496341
0.62579880 38.91537571
0.62879859 38.95412582
0.63179838 38.99115563
0.63479817 39.02640843
0.63779796 39.05982920
0.64079775 39.09136487
0.64379754 39.12096453
0.64679733 39.14857967
0.64979712 39.17416441
0.65279690 39.19767571
0.65579669 39.21907354
0.65879648 39.23832113
0.66179627 39.25538506
0.66479606 39.27023550
0.66779585 39.28284628
0.67079564 39.29319504
0.67379543 39.30126337
0.67679522 39.30703682
0.67979501 39.31050505
0.68279480 39.31166181

0.68279480 39.31166181
0.68581865 39.31031723
0.68884250 39.30628686
0.69186635 39.29958075
0.69489020 39.29021569
0.69791405 39.27821504
0.70093790 39.26360872
0.70396174 39.24643312
0.70698559 39.22673093
0.71000944 39.20455102
0.71303329 39.17994829
0.71605714 39.15298346
0.71908099 39.12372287
0.72210484 39.09223827
0.72512869 39.05860655
0.72815254 39.02290948
0.73117639 38.98523347
0.73420024 38.94566918
0.73722409 38.90431132
0.74024793 38.86125821
0.74327178 38.81661151
0.74629563 38.77047583
0.74931948 38.72295835
0.75234333 38.67416849
0.75536718 38.62421745
0.75839103 38.57321790
0.76141488 38.52128348
0.76443873 38.46852852
0.76746258 38.41506751
0.77048643 38.36101479
0.77351028 38.30648413
0.77653413 38.25158832
0.77955797 38.19643880
0.78258182 38.14114528
0.78560567 38.08581540
0.78862952 38.03055436
0.79165337 37.97546464
0.79467722 37.92064561
0.79770107 37.86619336
0.80072492 37.81220034
0.80374877 37.75875519
0.80677262 37.70594252
0.80979647 37.65384272
0.81282032 37.60253185
0.81584417 37.55208151
0.81886801 37.50255873
0.82189186 37.45402599
0.82491571 37.40654114
0.82793956 37.36015745
0.83096341 37.31492367
0.83398726 37.27088405
0.83701111 37.22807852
0.84003496 37.18654277
0.84305881 37.14630839
0.84608266 37.10740313
0.84910651 37.06985100
0.85213036 37.03367253
0.85515421 36.99888500
0.85817805 36.96550266
0.86120190 36.93353698
0.86422575 36.90299689
0.86724960 36.87388903
0.87027345 36.84621801
0.87329730 36.81998666
0.87632115 36.79519621
0.87934500 36.77184661
0.88236885 36.74993667
0.88539270 36.72946431
0.88841655 36.71042674
0.89144040 36.69282064
0.89446425 36.67664232
0.89748809 36.66188789
0.90051194 36.64855337
0.90353579 36.63663485
0.90655964 36.62612853
0.90958349 36.61703087
0.91260734 36.60933868
0.91563119 36.60304910
0.91865504 36.59815977
0.92167889 36.59466877
0.92470274 36.59257473
0.92772659 36.59187681

0.92772659 36.59187681
0.93075668 36.59225296
0.93378677 36.59337713
0.93681686 36.59523643
0.93984695 36.59780955
0.94287704 36.60106688
0.94590713 36.60497081
0.94893722 36.60947602
0.95196731 36.61452987
0.95499740 36.62007285
0.95802749 36.62603900
0.96105758 36.63235651
0.96408767 36.63894820
0.96711776 36.64573213
0.97014785 36.65262221
0.97317794 36.65952875
0.97620803 36.66635916
0.97923812 36.67301850
0.98226821 36.67941012
0.98529830 36.68543627
0.98832839 36.69099870
0.99135849 36.69599922
0.99438858 36.70034032
0.99741867 36.68580120
1.00044876 36.60262194
1.00347885 36.52306756
1.00650894 36.44730811
1.00953903 36.37532895
1.01256912 36.30698372
1.01559921 36.24205072
1.01862930 36.18028087
1.02165939 36.12143181
1.02468948 36.06528855
1.02771957 36.01167343
1.03074966 35.96044883
1.03377975 35.91151570
1.03680984 35.86480978
1.03983993 35.82029706
1.04287002 35.77796907
1.04590011 35.73783847
1.04893020 35.69993509
1.05196029 35.66430239
1.05499038 35.63099443
1.05802047 35.60007317
1.06105056 35.57160609
1.06408065 35.54566406
1.06711075 35.52231942
1.07014084 35.50164411
1.07317093 35.48370799
1.07620102 35.46857713
1.07923111 35.45631218
1.08226120 35.44696674
1.08529129 35.44058573
1.08832138 35.43720385
1.09135147 35.43684395
1.09438156 35.43951562
1.09741165 35.44521376
1.10044174 35.45391741
1.10347183 35.46558865
1.10650192 35.48017181
1.10953201 35.49759299
1.11256210 35.51775986
1.11559219 35.54056181
1.11862228 35.56587049
1.12165237 35.59354074
1.12468246 35.62341185
1.12771255 35.65530911

1.12771255 35.65530911
1.13072131 35.65529223
1.13373006 35.65523985
1.13673882 35.65514677
1.13974757 35.65500447
1.14275632 35.65480119
1.14576508 35.65452220
1.14877383 35.65415007
1.15178258 35.65366492
1.15479134 35.65304489
1.15780009 35.65226647
1.16080885 35.65130499
1.16381760 35.65013512
1.16682635 35.64873135
1.16983511 35.64706854
1.17284386 35.64512246
1.17585262 35.64287039
1.17886137 35.64029162
1.18187012 35.63736805
1.18487888 35.63408470
1.18788763 35.63043026
1.19089639 35.62639759
1.19390514 35.62198415
1.19691389 35.61719248
1.19992265 35.61203051
1.20293140 35.60651194
1.20594015 35.60065648
1.20894891 35.59449002
1.21195766 35.58804473
1.21496642 35.58135913
1.21797517 35.57447792
1.22098392 35.56745182
1.22399268 35.56033726
1.22700143 35.55319589
1.23001019 35.54609397
1.23301894 35.53910167
1.23602769 35.53229210
1.23903645 35.52574028
1.24204520 35.51952191
1.24505396 35.51371206
1.24806271 35.50838370
1.25107146 35.50360615
1.25408022 35.49944358
1.25708897 35.49595342
1.26009772 35.49318496
1.26310648 35.49117804
1.26611523 35.48996193
1.26912399 35.48955455



0.00000000 39.31166181
0.00300875 39.31220162
0.00601751 39.31382235
0.00902626 39.31652787
0.01203502 39.32032448
0.01504377 39.32522075
0.01805252 39.33122721
0.02106128 39.33835602
0.02407003 39.34662053
0.02707879 39.35603485
0.03008754 39.36661326
0.03309629 39.37836963
0.03610505 39.39131679
0.03911380 39.40546585
0.04212255 39.42082547
0.04513131 39.43740113
0.04814006 39.45519441
0.05114882 39.47420218
0.05415757 39.49441592
0.05716632 39.51582093
0.06017508 39.53839562
0.06318383 39.56211086
0.06619259 39.58692930
0.06920134 39.61280483
0.07221009 39.63968197
0.07521885 39.66749551
0.07822760 39.69617001
0.08123636 39.72561956
0.08424511 39.75574753
0.08725386 39.78644643
0.09026262 39.81759789
0.09327137 39.84907267
0.09628012 39.88073087
0.09928888 39.91242213
0.10229763 39.94398603
0.10530639 39.97525249
0.10831514 40.00604236
0.11132389 40.03616801
0.11433265 40.06543406
0.11734140 40.09363820
0.12035016 40.12057202
0.12335891 40.14602198
0.12636766 40.16977039
0.12937642 40.19159643
0.13238517 40.21127726
0.13539393 40.22858913
0.13840268 40.24330848
0.14141143 40.25521308
0.14442019 40.26408321
0.14742894 40.26970275
0.15043769 40.27186026
0.15344645 40.27035012
0.15645520 40.26497351
0.15946396 40.25553940
0.16247271 40.24186549
0.16548146 40.22377905
0.16849022 40.20111771
0.17149897 40.17373016
0.17450773 40.14147676
0.17751648 40.10423004
0.18052523 40.06187517
0.18353399 40.01431022
0.18654274 39.96144641
0.18955150 39.90320824
0.19256025 39.83953343
0.19556900 39.77037287
0.19857776 39.69569038
0.20158651 39.61546242
0.20459527 39.52967763
0.20760402 39.43833636
0.21061277 39.34145004
0.21362153 39.23904051
0.21663028 39.13113920
0.21963903 39.01778633
0.22264779 38.89902999
0.22565654 38.77492515
0.22866530 38.64553268
0.23167405 38.51091829
0.23468280 38.37115147
0.23769156 38.22630440
0.24070031 38.07645086
0.24370907 37.92166520
0.24671782 37.76202121
0.24972657 37.59759120
0.25273533 37.42844494
0.25574408 37.25464880
0.25875284 37.07626491
0.26176159 36.89335033
0.26477034 36.70595641
0.26777910 36.51412821
0.27078785 36.31790396
0.27379660 36.11731471
0.27680536 35.91238403
0.27981411 35.70312788
0.28282287 35.48955455

0.28282287 35.48955455
0.28585296 35.49354343
0.28888305 35.50539905
0.29191314 35.52479980
0.29494323 35.55124493
0.29797332 35.58409932
0.30100341 35.62264266
0.30403350 35.66611567
0.30706359 35.71375817
0.31009368 35.76483715
0.31312377 35.81866490
0.31615386 35.87460903
0.31918395 35.93209620
0.32221404 35.99061167
0.32524413 36.04969625
0.32827422 36.10894190
0.33130431 36.16798678
0.33433440 36.22651023
0.33736449 36.28422808
0.34039458 36.34088841
0.34342467 36.39626780
0.34645476 36.45016808
0.34948486 36.50241357
0.35251495 36.55284877
0.35554504 36.60133640
0.35857513 36.64775583
0.36160522 36.69200169
0.36463531 36.73398284
0.36766540 36.77362147
0.37069549 36.81085235
0.37372558 36.84562229
0.37675567 36.87788962
0.37978576 36.90762386
0.38281585 36.93480536

0.38281585 36.93480536
0.38581564 36.95919158
0.38881543 36.98106827
0.39181522 37.00044650
0.39481501 37.01734704
0.39781480 37.03180020
0.40081459 37.04384571
0.40381438 37.05353262
0.40681417 37.06091916
0.40981396 37.06607263
0.41281374 37.06906928
0.41581353 37.06999411
0.41881332 37.06894076
0.42181311 37.06601130
0.42481290 37.06131599
0.42781269 37.05497311
0.43081248 37.04710862
0.43381227 37.03785589
0.43681206 37.02735537
0.43981185 37.01575420
0.44281164 37.00320578
0.44581143 36.98986929
0.44881122 36.97590924
0.45181101 36.96149482
0.45481080 36.94679932
0.45781059 36.93199947
0.46081038 36.91727468
0.46381017 36.90280628
0.46680996 36.88877668
0.46980975 36.87536847
0.47280953 36.95301011
0.47580932 37.14284718
0.47880911 37.32453494
0.48180890 37.49801829
0.48480869 37.66326728
0.48780848 37.82027679
0.49080827 37.96906616
0.49380806 38.10967870
0.49680785 38.24218114
0.49980764 38.36666294
0.50280743 38.48323557
0.50580722 38.59203168
0.50880701 38.69320415
0.51180680 38.78692513
0.51480659 38.87338493
0.51780638 38.95279094
0.52080617 39.02536631
0.52380596 39.09134877
0.52680575 39.15098920
0.52980554 39.20455033
0.53280532 39.25230519
0.53580511 39.29453572
0.53880490 39.33153118
0.54180469 39.36358667
0.54480448 39.39100153
0.54780427 39.41407777
0.55080406 39.43311854
0.55380385 39.44842655
0.55680364 39.46030254
0.55980343 39.46904380
0.56280322 39.47494268
0.56580301 39.47828521
0.56880280 39.47934979
0.57180259 39.47840584
0.57480238 39.47571273
0.57780217 39.47151858
0.58080196 39.46605940
0.58380175 39.45955809
0.58680154 39.45222380
0.58980133 39.44425121
0.59280111 39.43582011
0.59580090 39.42709496
0.59880069 39.41822471
0.60180048 39.40934271
0.60480027 39.40056671
0.60780006 39.39199906
0.61079985 39.38372705
0.61379964 39.37582330
0.61679943 39.36834632
0.61979922 39.36134120
0.62279901 39.35484037
0.62579880 39.34886445
0.62879859 39.34342320
0.63179838 39.33851653
0.63479817 39.33413558
0.63779796 39.33026383
0.64079775 39.32687823
0.64379754 39.32395036
0.64679733 39.32144762
0.64979712 39.31933435
0.65279690 39.31757296
0.65579669 39.31612504
0.65879648 39.31495237
0.66179627 39.31401792
0.66479606 39.31328675
0.66779585 39.31272681
0.67079564 39.31230972
0.67379543 39.31201135
0.67679522 39.31181239
0.67979501 39.31169874
0.68279480 39.31166181

0.68279480 39.31166181
0.68581865 39.31153005
0.68884250 39.31113771
0.69186635 39.31049362
0.69489020 39.30961234
0.69791405 39.30851399
0.70093790 39.30722396
0.70396174 39.30577254
0.70698559 39.30419453
0.71000944 39.30252870
0.71303329 39.30081727
0.71605714 39.29910526
0.71908099 39.29743983
0.72210484 39.29586953
0.72512869 39.29444354
0.72815254 39.29321090
0.73117639 39.29221959
0.73420024 39.29151575
0.73722409 39.29114279
0.74024793 39.29114048
0.74327178 39.29154415
0.74629563 39.29238378
0.74931948 39.29368318
0.75234333 39.29545924
0.75536718 39.29772115
0.75839103 39.30046967
0.76141488 39.30369657
0.76443873 39.30738402
0.76746258 39.31150411
0.77048643 39.31601849
0.77351028 39.32087800
0.77653413 39.32602257
0.77955797 39.33138104
0.78258182 39.33687121
0.78560567 39.34239999
0.78862952 39.34786364
0.79165337 39.35314813
0.79467722 39.35812963
0.79770107 39.36267512
0.80072492 39.36664314
0.80374877 39.36988460
0.80677262 39.37224379
0.80979647 39.37355937
0.81282032 39.37366568
0.81584417 39.37239390
0.81886801 39.36957358
0.82189186 39.36503405
0.82491571 39.35860608
0.82793956 39.35012359
0.83096341 39.33942550
0.83398726 39.32635761
0.83701111 39.31077473
0.84003496 39.29254279
0.84305881 39.27154117
0.84608266 39.24766519
0.84910651 39.22082867
0.85213036 39.19096673
0.85515421 39.15803878
0.85817805 39.12203169
0.86120190 39.08296317
0.86422575 39.04088548
0.86724960 38.99588925
0.87027345 38.94810763
0.87329730 38.89772067
0.87632115 38.84495978
0.87934500 38.79011230
0.88236885 38.73352606
0.88539270 38.67561350
0.88841655 38.61685528
0.89144040 38.55780268
0.89446425 38.49907841
0.89748809 38.44137488
0.90051194 38.38544922
0.90353579 38.33211389
0.90655964 38.28222211
0.90958349 38.23664722
0.91260734 38.19625583
0.91563119 38.16187525
0.91865504 38.13425663
0.92167889 38.11403658
0.92470274 38.10170087
0.92772659 38.09755433

0.92772659 38.09755433
0.93075668 38.09425042
0.93378677 38.08434843
0.93681686 38.06787770
0.93984695 38.04488780
0.94287704 38.01544962
0.94590713 37.97965682
0.94893722 37.93762803
0.95196731 37.88950960
0.95499740 37.83547919
0.95802749 37.77575037
0.96105758 37.71057828
0.96408767 37.64026663
0.96711776 37.56517598
0.97014785 37.48573327
0.97317794 37.40244212
0.97620803 37.31589274
0.97923812 37.22676939
0.98226821 37.13585199
0.98529830 37.04400715
0.98832839 36.95216334
0.99135849 36.86126652
0.99438858 36.77221763
0.99741867 36.70392567
1.00044876 36.70666070
1.00347885 36.70845310
1.00650894 36.70921334
1.00953903 36.70885511
1.01256912 36.70729588
1.01559921 36.70445727
1.01862930 36.70026552
1.02165939 36.69465194
1.02468948 36.68755331
1.02771957 36.67891226
1.03074966 36.66867773
1.03377975 36.65680531
1.03680984 36.64325767
1.03983993 36.62800492
1.04287002 36.61102497
1.04590011 36.59230399
1.04893020 36.57183671
1.05196029 36.54962686
1.05499038 36.52568749
1.05802047 36.50004143
1.06105056 36.47272158
1.06408065 36.44377132
1.06711075 36.41324485
1.07014084 36.38120749
1.07317093 36.34773600
1.07620102 36.31291883
1.07923111 36.27685629
1.08226120 36.23966071
1.08529129 36.20145642
1.08832138 36.16237973
1.09135147 36.12257870
1.09438156 36.08221280
1.09741165 36.04145236
1.10044174 36.00047787
1.10347183 35.95947904
1.10650192 35.91865367
1.10953201 35.87820625
1.11256210 35.83834637
1.11559219 35.79928691
1.11862228 35.76124200
1.12165237 35.72442491
1.12468246 35.68904574
1.12771255 35.65530911

1.12771255 35.65530911
1.13072131 35.65529223
1.13373006 35.65523985
1.13673882 35.65514677
1.13974757 35.65500447
1.14275632 35.65480119
1.14576508 35.65452220
1.14877383 35.65415007
1.15178258 35.65366492
1.15479134 35.65304489
1.15780009 35.65226647
1.16080885 35.65130499
1.16381760 35.65013512
1.16682635 35.64873135
1.16983511 35.64706854
1.17284386 35.64512246
1.17585262 35.64287039
1.17886137 35.64029162
1.18187012 35.63736805
1.18487888 35.63408470
1.18788763 35.63043026
1.19089639 35.62639759
1.19390514 35.62198415
1.19691389 35.61719248
1.19992265 35.61203051
1.20293140 35.60651194
1.20594015 35.60065648
1.20894891 35.59449002
1.21195766 35.58804473
1.21496642 35.58135913
1.21797517 35.57447792
1.22098392 35.56745182
1.22399268 35.56033726
1.22700143 35.55319589
1.23001019 35.54609397
1.23301894 35.53910167
1.23602769 35.53229210
1.23903645 35.52574028
1.24204520 35.51952191
1.24505396 35.51371206
1.24806271 35.50838370
1.25107146 35.50360615
1.25408022 35.49944358
1.25708897 35.49595342
1.26009772 35.49318496
1.26310648 35.49117804
1.26611523 35.48996193
1.26912399 35.48955455



