# End points of segments: 
#   0.00000000 0.28282290 0.38281580 0.68279480 0.92772660 
0.000000 -0.000001
0.002828 0.342381
0.005657 0.684760
0.008485 1.027131
0.011313 1.369490
0.014141 1.711832
0.016969 2.054147
0.019798 2.396425
0.022626 2.738652
0.025454 3.080811
0.028282 3.422880
0.031110 3.764834
0.033939 4.106643
0.036767 4.448273
0.039595 4.789683
0.042423 5.130830
0.045252 5.471661
0.048080 5.812122
0.050908 6.152150
0.053736 6.491678
0.056565 6.830632
0.059393 7.168934
0.062221 7.506499
0.065049 7.843236
0.067877 8.179051
0.070706 8.513842
0.073534 8.847505
0.076362 9.179928
0.079190 9.510998
0.082019 9.840594
0.084847 10.168596
0.087675 10.494875
0.090503 10.819304
0.093331 11.141750
0.096160 11.462080
0.098988 11.780156
0.101816 12.095841
0.104645 12.408996
0.107473 12.719481
0.110301 13.027157
0.113129 13.331883
0.115957 13.633519
0.118786 13.931927
0.121614 14.226968
0.124442 14.518508
0.127270 14.806412
0.130099 15.090548
0.132927 15.370786
0.135755 15.647001
0.138583 15.919069
0.141411 16.186870
0.144240 16.450288
0.147068 16.709211
0.149896 16.963532
0.152724 17.213147
0.155553 17.457958
0.158381 17.697869
0.161209 17.932793
0.164037 18.162645
0.166865 18.387346
0.169694 18.606822
0.172522 18.821006
0.175350 19.029834
0.178178 19.233250
0.181007 19.431200
0.183835 19.623638
0.186663 19.810523
0.189491 19.991820
0.192320 20.167498
0.195148 20.337531
0.197976 20.501900
0.200804 20.660591
0.203632 20.813593
0.206461 20.960901
0.209289 21.102515
0.212117 21.238441
0.214945 21.368685
0.217774 21.493262
0.220602 21.612188
0.223430 21.725485
0.226258 21.833175
0.229086 21.935286
0.231915 22.031849
0.234743 22.122895
0.237571 22.208459
0.240399 22.288577
0.243228 22.363287
0.246056 22.432627
0.248884 22.496636
0.251712 22.555352
0.254541 22.608812
0.257369 22.657054
0.260197 22.700113
0.263025 22.738021
0.265854 22.770809
0.268682 22.798504
0.271510 22.821130
0.274338 22.838706
0.277166 22.851249
0.279995 22.858770
0.282823 22.861276

0.282823 22.861276
0.283823 22.861199
0.284823 22.860968
0.285823 22.860582
0.286823 22.860042
0.287822 22.859346
0.288822 22.858495
0.289822 22.857489
0.290822 22.856325
0.291822 22.855004
0.292822 22.853526
0.293822 22.851888
0.294822 22.850090
0.295822 22.848130
0.296822 22.846009
0.297822 22.843724
0.298822 22.841273
0.299822 22.838656
0.300822 22.835871
0.301822 22.832917
0.302822 22.829791
0.303821 22.826491
0.304821 22.823017
0.305821 22.819365
0.306821 22.815534
0.307821 22.811522
0.308821 22.807327
0.309821 22.802946
0.310821 22.798376
0.311821 22.793616
0.312821 22.788664
0.313821 22.783515
0.314821 22.778169
0.315821 22.772621
0.316821 22.766870
0.317820 22.760913
0.318820 22.754747
0.319820 22.748368
0.320820 22.741775
0.321820 22.734964
0.322820 22.727931
0.323820 22.720675
0.324820 22.713191
0.325820 22.705477
0.326820 22.697530
0.327820 22.689346
0.328820 22.680922
0.329820 22.672255
0.330819 22.663341
0.331819 22.654178
0.332819 22.644761
0.333819 22.635088
0.334819 22.625156
0.335819 22.614960
0.336819 22.604497
0.337819 22.593765
0.338819 22.582759
0.339819 22.571477
0.340819 22.559915
0.341819 22.548069
0.342819 22.535936
0.343819 22.523514
0.344818 22.510798
0.345818 22.497785
0.346818 22.484472
0.347818 22.470856
0.348818 22.456933
0.349818 22.442701
0.350818 22.428155
0.351818 22.413294
0.352818 22.398113
0.353818 22.382610
0.354818 22.366781
0.355818 22.350624
0.356818 22.334136
0.357818 22.317313
0.358818 22.300153
0.359818 22.282654
0.360817 22.264811
0.361817 22.246623
0.362817 22.228087
0.363817 22.209200
0.364817 22.189960
0.365817 22.170364
0.366817 22.150409
0.367817 22.130095
0.368817 22.109417
0.369817 22.088375
0.370817 22.066965
0.371817 22.045186
0.372817 22.023036
0.373816 22.000512
0.374816 21.977614
0.375816 21.954339
0.376816 21.930685
0.377816 21.906651
0.378816 21.882235
0.379816 21.857437
0.380816 21.832253
0.381816 21.806684
0.382816 21.780728

0.382816 21.780728
0.385816 21.700528
0.388815 21.616809
0.391815 21.529553
0.394815 21.438749
0.397815 21.344391
0.400815 21.246483
0.403814 21.145033
0.406814 21.040059
0.409814 20.931583
0.412814 20.819636
0.415814 20.704251
0.418813 20.585472
0.421813 20.463345
0.424813 20.337922
0.427813 20.209260
0.430812 20.077421
0.433812 19.942470
0.436812 19.804473
0.439812 19.663503
0.442812 19.519631
0.445811 19.372933
0.448811 19.223483
0.451811 19.071357
0.454811 18.916630
0.457811 18.759376
0.460810 18.599668
0.463810 18.437576
0.466810 18.273168
0.469810 18.106509
0.472809 17.937660
0.475809 17.766676
0.478809 17.593609
0.481809 17.418506
0.484809 17.241407
0.487808 17.062347
0.490808 16.881354
0.493808 16.698449
0.496808 16.513648
0.499808 16.326958
0.502807 16.138381
0.505807 15.947911
0.508807 15.755534
0.511807 15.561230
0.514807 15.364973
0.517806 15.166730
0.520806 14.966462
0.523806 14.764122
0.526806 14.559660
0.529806 14.353020
0.532805 14.144141
0.535805 13.932959
0.538805 13.719405
0.541805 13.503408
0.544805 13.284896
0.547804 13.063792
0.550804 12.840020
0.553804 12.613505
0.556804 12.384170
0.559803 12.151941
0.562803 11.916744
0.565803 11.678509
0.568803 11.437169
0.571803 11.192660
0.574802 10.944923
0.577802 10.693903
0.580802 10.439554
0.583802 10.181833
0.586801 9.920704
0.589801 9.656139
0.592801 9.388119
0.595801 9.116630
0.598801 8.841669
0.601800 8.563241
0.604800 8.281359
0.607800 7.996046
0.610800 7.707335
0.613800 7.415266
0.616799 7.119893
0.619799 6.821274
0.622799 6.519480
0.625799 6.214592
0.628799 5.906697
0.631798 5.595894
0.634798 5.282290
0.637798 4.966000
0.640798 4.647148
0.643798 4.325866
0.646797 4.002293
0.649797 3.676577
0.652797 3.348870
0.655797 3.019333
0.658797 2.688132
0.661796 2.355437
0.664796 2.021425
0.667796 1.686276
0.670796 1.350173
0.673795 1.013304
0.676795 0.675857
0.679795 0.338025
0.682795 -0.000001

0.682795 -0.000001
0.685244 0.282995
0.687693 0.565859
0.690143 0.848461
0.692592 1.130671
0.695041 1.412357
0.697491 1.693393
0.699940 1.973650
0.702389 2.253002
0.704839 2.531325
0.707288 2.808495
0.709737 3.084393
0.712187 3.358900
0.714636 3.631901
0.717085 3.903282
0.719535 4.172933
0.721984 4.440748
0.724433 4.706622
0.726882 4.970455
0.729332 5.232151
0.731781 5.491616
0.734231 5.748761
0.736680 6.003501
0.739129 6.255755
0.741578 6.505445
0.744028 6.752499
0.746477 6.996847
0.748926 7.238427
0.751376 7.477177
0.753825 7.713044
0.756274 7.945974
0.758724 8.175923
0.761173 8.402846
0.763622 8.626707
0.766072 8.847471
0.768521 9.065109
0.770970 9.279595
0.773420 9.490907
0.775869 9.699027
0.778318 9.903941
0.780767 10.105638
0.783217 10.304110
0.785666 10.499354
0.788115 10.691366
0.790565 10.880149
0.793014 11.065706
0.795463 11.248042
0.797913 11.427165
0.800362 11.603086
0.802811 11.775813
0.805261 11.945359
0.807710 12.111738
0.810159 12.274961
0.812609 12.435044
0.815058 12.591999
0.817507 12.745839
0.819957 12.896579
0.822406 13.044229
0.824855 13.188801
0.827305 13.330305
0.829754 13.468750
0.832203 13.604141
0.834653 13.736485
0.837102 13.865783
0.839551 13.992036
0.842001 14.115244
0.844450 14.235401
0.846899 14.352502
0.849348 14.466537
0.851798 14.577495
0.854247 14.685362
0.856696 14.790122
0.859146 14.891754
0.861595 14.990239
0.864044 15.085551
0.866494 15.177666
0.868943 15.266555
0.871392 15.352189
0.873842 15.434535
0.876291 15.513562
0.878740 15.589236
0.881189 15.661520
0.883639 15.730381
0.886088 15.795781
0.888537 15.857684
0.890987 15.916055
0.893436 15.970857
0.895886 16.022055
0.898335 16.069616
0.900784 16.113506
0.903233 16.153695
0.905683 16.190152
0.908132 16.222850
0.910581 16.251764
0.913031 16.276871
0.915480 16.298150
0.917929 16.315585
0.920379 16.329161
0.922828 16.338866
0.925277 16.344692
0.927727 16.346635


0.000000 -0.000000
0.002828 0.499901
0.005657 0.999733
0.008485 1.499423
0.011313 1.998902
0.014141 2.498099
0.016969 2.996941
0.019798 3.495355
0.022626 3.993268
0.025454 4.490605
0.028282 4.987289
0.031110 5.483243
0.033939 5.978387
0.036767 6.472640
0.039595 6.965921
0.042423 7.458143
0.045252 7.949222
0.048080 8.439068
0.050908 8.927592
0.053736 9.414702
0.056565 9.900303
0.059393 10.384299
0.062221 10.866593
0.065049 11.347084
0.067877 11.825671
0.070706 12.302251
0.073534 12.776719
0.076362 13.248968
0.079190 13.718890
0.082019 14.186376
0.084847 14.651317
0.087675 15.113600
0.090503 15.573113
0.093331 16.029745
0.096160 16.483381
0.098988 16.933908
0.101816 17.381213
0.104645 17.825182
0.107473 18.265701
0.110301 18.702659
0.113129 19.135943
0.115957 19.565443
0.118786 19.991048
0.121614 20.412650
0.124442 20.830143
0.127270 21.243421
0.130099 21.652381
0.132927 22.056922
0.135755 22.456947
0.138583 22.852360
0.141411 23.243068
0.144240 23.628981
0.147068 24.010014
0.149896 24.386084
0.152724 24.757112
0.155553 25.123023
0.158381 25.483746
0.161209 25.839216
0.164037 26.189369
0.166865 26.534150
0.169694 26.873506
0.172522 27.207391
0.175350 27.535761
0.178178 27.858582
0.181007 28.175823
0.183835 28.487458
0.186663 28.793469
0.189491 29.093842
0.192320 29.388572
0.195148 29.677658
0.197976 29.961104
0.200804 30.238925
0.203632 30.511137
0.206461 30.777768
0.209289 31.038847
0.212117 31.294415
0.214945 31.544516
0.217774 31.789200
0.220602 32.028527
0.223430 32.262560
0.226258 32.491369
0.229086 32.715032
0.231915 32.933630
0.234743 33.147251
0.237571 33.355990
0.240399 33.559943
0.243228 33.759216
0.246056 33.953915
0.248884 34.144154
0.251712 34.330047
0.254541 34.511714
0.257369 34.689277
0.260197 34.862861
0.263025 35.032591
0.265854 35.198595
0.268682 35.361001
0.271510 35.519938
0.274338 35.675533
0.277166 35.827914
0.279995 35.977206
0.282823 36.123530

0.282823 22.861276
0.283823 22.862124
0.284823 22.864668
0.285823 22.868906
0.286823 22.874836
0.287822 22.882457
0.288822 22.891765
0.289822 22.902757
0.290822 22.915426
0.291822 22.929769
0.292822 22.945779
0.293822 22.963450
0.294822 22.982774
0.295822 23.003744
0.296822 23.026350
0.297822 23.050584
0.298822 23.076435
0.299822 23.103893
0.300822 23.132948
0.301822 23.163586
0.302822 23.195797
0.303821 23.229567
0.304821 23.264882
0.305821 23.301730
0.306821 23.340094
0.307821 23.379962
0.308821 23.421316
0.309821 23.464141
0.310821 23.508422
0.311821 23.554140
0.312821 23.601279
0.313821 23.649822
0.314821 23.699750
0.315821 23.751045
0.316821 23.803688
0.317820 23.857661
0.318820 23.912944
0.319820 23.969517
0.320820 24.027360
0.321820 24.086454
0.322820 24.146778
0.323820 24.208311
0.324820 24.271033
0.325820 24.334922
0.326820 24.399958
0.327820 24.466119
0.328820 24.533383
0.329820 24.601729
0.330819 24.671135
0.331819 24.741580
0.332819 24.813041
0.333819 24.885496
0.334819 24.958924
0.335819 25.033302
0.336819 25.108609
0.337819 25.184821
0.338819 25.261918
0.339819 25.339876
0.340819 25.418674
0.341819 25.498290
0.342819 25.578701
0.343819 25.659885
0.344818 25.741822
0.345818 25.824488
0.346818 25.907862
0.347818 25.991922
0.348818 26.076646
0.349818 26.162014
0.350818 26.248003
0.351818 26.334592
0.352818 26.421760
0.353818 26.509485
0.354818 26.597748
0.355818 26.686526
0.356818 26.775799
0.357818 26.865547
0.358818 26.955748
0.359818 27.046383
0.360817 27.137431
0.361817 27.228872
0.362817 27.320685
0.363817 27.412851
0.364817 27.505351
0.365817 27.598163
0.366817 27.691268
0.367817 27.784647
0.368817 27.878280
0.369817 27.972147
0.370817 28.066228
0.371817 28.160504
0.372817 28.254954
0.373816 28.349560
0.374816 28.444299
0.375816 28.539152
0.376816 28.634098
0.377816 28.729114
0.378816 28.824179
0.379816 28.919269
0.380816 29.014359
0.381816 29.109423
0.382816 29.204432

0.382816 29.204432
0.385816 29.488804
0.388815 29.771268
0.391815 30.049874
0.394815 30.320133
0.397815 30.567416
0.400815 30.726103
0.403814 30.665240
0.406814 30.473699
0.409814 30.246696
0.412814 30.006082
0.415814 29.757669
0.418813 29.503592
0.421813 29.244843
0.424813 28.981970
0.427813 28.715318
0.430812 28.445132
0.433812 28.171598
0.436812 27.894867
0.439812 27.615071
0.442812 27.332324
0.445811 27.046731
0.448811 26.758389
0.451811 26.467386
0.454811 26.173808
0.457811 25.877735
0.460810 25.579242
0.463810 25.278403
0.466810 24.975287
0.469810 24.669960
0.472809 24.362487
0.475809 24.052929
0.478809 23.741345
0.481809 23.427791
0.484809 23.112324
0.487808 22.794995
0.490808 22.475856
0.493808 22.154956
0.496808 21.832343
0.499808 21.508065
0.502807 21.182165
0.505807 20.854688
0.508807 20.525677
0.511807 20.195173
0.514807 19.863218
0.517806 19.529851
0.520806 19.195111
0.523806 18.859038
0.526806 18.521669
0.529806 18.183041
0.532805 17.843191
0.535805 17.502157
0.538805 17.159974
0.541805 16.816678
0.544805 16.472304
0.547804 16.126888
0.550804 15.780465
0.553804 15.433070
0.556804 15.084736
0.559803 14.735500
0.562803 14.385394
0.565803 14.034452
0.568803 13.682710
0.571803 13.330198
0.574802 12.976952
0.577802 12.623004
0.580802 12.268385
0.583802 11.913128
0.586801 11.557265
0.589801 11.200827
0.592801 10.843843
0.595801 10.486345
0.598801 10.128361
0.601800 9.769920
0.604800 9.411049
0.607800 9.051776
0.610800 8.692128
0.613800 8.332128
0.616799 7.971803
0.619799 7.611176
0.622799 7.250269
0.625799 6.889104
0.628799 6.527701
0.631798 6.166082
0.634798 5.804263
0.637798 5.442264
0.640798 5.080101
0.643798 4.717790
0.646797 4.355345
0.649797 3.992782
0.652797 3.630113
0.655797 3.267350
0.658797 2.904505
0.661796 2.541589
0.664796 2.178613
0.667796 1.815586
0.670796 1.452518
0.673795 1.089417
0.676795 0.726291
0.679795 0.363150
0.682795 -0.000000

0.682795 -0.000000
0.685244 0.450623
0.687693 0.901150
0.690143 1.351485
0.692592 1.801532
0.695041 2.251196
0.697491 2.700384
0.699940 3.149001
0.702389 3.596955
0.704839 4.044154
0.707288 4.490509
0.709737 4.935930
0.712187 5.380331
0.714636 5.823627
0.717085 6.265734
0.719535 6.706570
0.721984 7.146056
0.724433 7.584114
0.726882 8.020669
0.729332 8.455648
0.731781 8.888981
0.734231 9.320599
0.736680 9.750435
0.739129 10.178427
0.741578 10.604513
0.744028 11.028635
0.746477 11.450734
0.748926 11.870759
0.751376 12.288655
0.753825 12.704374
0.756274 13.117867
0.758724 13.529090
0.761173 13.937998
0.763622 14.344549
0.766072 14.748703
0.768521 15.150421
0.770970 15.549667
0.773420 15.946403
0.775869 16.340596
0.778318 16.732212
0.780767 17.121217
0.783217 17.507579
0.785666 17.891267
0.788115 18.272249
0.790565 18.650494
0.793014 19.025970
0.795463 19.398646
0.797913 19.768491
0.800362 20.135473
0.802811 20.499557
0.805261 20.860710
0.807710 21.218899
0.810159 21.574085
0.812609 21.926233
0.815058 22.275303
0.817507 22.621256
0.819957 22.964047
0.822406 23.303635
0.824855 23.639971
0.827305 23.973007
0.829754 24.302692
0.832203 24.628972
0.834653 24.951790
0.837102 25.271087
0.839551 25.586799
0.842001 25.898859
0.844450 26.207197
0.846899 26.511738
0.849348 26.812402
0.851798 27.109104
0.854247 27.401754
0.856696 27.690254
0.859146 27.974502
0.861595 28.254385
0.864044 28.529781
0.866494 28.800560
0.868943 29.066579
0.871392 29.327679
0.873842 29.583689
0.876291 29.834417
0.878740 30.079650
0.881189 30.319149
0.883639 30.552647
0.886088 30.779842
0.888537 31.000389
0.890987 31.213897
0.893436 31.419918
0.895886 31.617940
0.898335 31.807373
0.900784 31.987544
0.903233 32.157679
0.905683 32.316904
0.908132 32.464231
0.910581 32.598563
0.913031 32.718708
0.915480 32.823405
0.917929 32.911367
0.920379 32.981353
0.922828 33.032252
0.925277 33.063177
0.927727 33.073551


0.000000 -0.000000
0.002828 0.342381
0.005657 0.684760
0.008485 1.027131
0.011313 1.369490
0.014141 1.711832
0.016969 2.054147
0.019798 2.396425
0.022626 2.738652
0.025454 3.080811
0.028282 3.422880
0.031110 3.764834
0.033939 4.106643
0.036767 4.448273
0.039595 4.789683
0.042423 5.130830
0.045252 5.471661
0.048080 5.812122
0.050908 6.152150
0.053736 6.491678
0.056565 6.830632
0.059393 7.168934
0.062221 7.506499
0.065049 7.843236
0.067877 8.179051
0.070706 8.513842
0.073534 8.847505
0.076362 9.179928
0.079190 9.510998
0.082019 9.840594
0.084847 10.168596
0.087675 10.494875
0.090503 10.819304
0.093331 11.141750
0.096160 11.462080
0.098988 11.780156
0.101816 12.095841
0.104645 12.408996
0.107473 12.719481
0.110301 13.027157
0.113129 13.331883
0.115957 13.633519
0.118786 13.931927
0.121614 14.226968
0.124442 14.518508
0.127270 14.806412
0.130099 15.090548
0.132927 15.370786
0.135755 15.647001
0.138583 15.919069
0.141411 16.186870
0.144240 16.450288
0.147068 16.709211
0.149896 16.963532
0.152724 17.213147
0.155553 17.457958
0.158381 17.697869
0.161209 17.932793
0.164037 18.162645
0.166865 18.387346
0.169694 18.606822
0.172522 18.821006
0.175350 19.029834
0.178178 19.233250
0.181007 19.431200
0.183835 19.623638
0.186663 19.810523
0.189491 19.991820
0.192320 20.167498
0.195148 20.337531
0.197976 20.501900
0.200804 20.660591
0.203632 20.813593
0.206461 20.960901
0.209289 21.102515
0.212117 21.238441
0.214945 21.368685
0.217774 21.493262
0.220602 21.612188
0.223430 21.725485
0.226258 21.833175
0.229086 21.935286
0.231915 22.031849
0.234743 22.122895
0.237571 22.208459
0.240399 22.288577
0.243228 22.363287
0.246056 22.432627
0.248884 22.496636
0.251712 22.555352
0.254541 22.608812
0.257369 22.657054
0.260197 22.700113
0.263025 22.738021
0.265854 22.770809
0.268682 22.798504
0.271510 22.821130
0.274338 22.838706
0.277166 22.851249
0.279995 22.858770
0.282823 22.861276

0.282823 32.654295
0.283823 32.654003
0.284823 32.653129
0.285823 32.651673
0.286823 32.649635
0.287822 32.647018
0.288822 32.643821
0.289822 32.640047
0.290822 32.635697
0.291822 32.630775
0.292822 32.625281
0.293822 32.619220
0.294822 32.612595
0.295822 32.605407
0.296822 32.597662
0.297822 32.589363
0.298822 32.580514
0.299822 32.571119
0.300822 32.561182
0.301822 32.550709
0.302822 32.539705
0.303821 32.528173
0.304821 32.516120
0.305821 32.503551
0.306821 32.490472
0.307821 32.476888
0.308821 32.462804
0.309821 32.448228
0.310821 32.433165
0.311821 32.417621
0.312821 32.401602
0.313821 32.385115
0.314821 32.368166
0.315821 32.350763
0.316821 32.332910
0.317820 32.314616
0.318820 32.295886
0.319820 32.276727
0.320820 32.257146
0.321820 32.237150
0.322820 32.216746
0.323820 32.195940
0.324820 32.174740
0.325820 32.153151
0.326820 32.131181
0.327820 32.108837
0.328820 32.086125
0.329820 32.063053
0.330819 32.039626
0.331819 32.015852
0.332819 31.991738
0.333819 31.967289
0.334819 31.942513
0.335819 31.917417
0.336819 31.892006
0.337819 31.866288
0.338819 31.840268
0.339819 31.813954
0.340819 31.787351
0.341819 31.760466
0.342819 31.733305
0.343819 31.705874
0.344818 31.678180
0.345818 31.650228
0.346818 31.622025
0.347818 31.593575
0.348818 31.564886
0.349818 31.535963
0.350818 31.506812
0.351818 31.477437
0.352818 31.447846
0.353818 31.418042
0.354818 31.388032
0.355818 31.357821
0.356818 31.327413
0.357818 31.296815
0.358818 31.266030
0.359818 31.235064
0.360817 31.203922
0.361817 31.172608
0.362817 31.141127
0.363817 31.109483
0.364817 31.077681
0.365817 31.045725
0.366817 31.013618
0.367817 30.981366
0.368817 30.948972
0.369817 30.916440
0.370817 30.883773
0.371817 30.850975
0.372817 30.818050
0.373816 30.785000
0.374816 30.751829
0.375816 30.718540
0.376816 30.685136
0.377816 30.651620
0.378816 30.617995
0.379816 30.584262
0.380816 30.550424
0.381816 30.516484
0.382816 30.482443

0.382816 30.482443
0.385816 30.379739
0.388815 30.276194
0.391815 30.171842
0.394815 30.066706
0.397815 29.960795
0.400815 29.854106
0.403814 29.746626
0.406814 29.638326
0.409814 29.529167
0.412814 29.419097
0.415814 29.308052
0.418813 29.195954
0.421813 29.082715
0.424813 28.968236
0.427813 28.852404
0.430812 28.735096
0.433812 28.616180
0.436812 28.495510
0.439812 28.372932
0.442812 28.248284
0.445811 28.121393
0.448811 27.992077
0.451811 27.860150
0.454811 27.725413
0.457811 27.587666
0.460810 27.446699
0.463810 27.302300
0.466810 27.154250
0.469810 27.002329
0.472809 26.846312
0.475809 26.685974
0.478809 26.521088
0.481809 26.351427
0.484809 26.176766
0.487808 25.996881
0.490808 25.811551
0.493808 25.620560
0.496808 25.423694
0.499808 25.220750
0.502807 25.011526
0.505807 24.795832
0.508807 24.573485
0.511807 24.344311
0.514807 24.108148
0.517806 23.864843
0.520806 23.614256
0.523806 23.356257
0.526806 23.090732
0.529806 22.817576
0.532805 22.536701
0.535805 22.248029
0.538805 21.951497
0.541805 21.647057
0.544805 21.334672
0.547804 21.014321
0.550804 20.685993
0.553804 20.349694
0.556804 20.005441
0.559803 19.653261
0.562803 19.293198
0.565803 18.925305
0.568803 18.549646
0.571803 18.166297
0.574802 17.775344
0.577802 17.376885
0.580802 16.971025
0.583802 16.557880
0.586801 16.137575
0.589801 15.710244
0.592801 15.276028
0.595801 14.835076
0.598801 14.387545
0.601800 13.933599
0.604800 13.473409
0.607800 13.007153
0.610800 12.535013
0.613800 12.057181
0.616799 11.573850
0.619799 11.085221
0.622799 10.591500
0.625799 10.092898
0.628799 9.589630
0.631798 9.081915
0.634798 8.569978
0.637798 8.054046
0.640798 7.534351
0.643798 7.011127
0.646797 6.484613
0.649797 5.955050
0.652797 5.422683
0.655797 4.887757
0.658797 4.350523
0.661796 3.811230
0.664796 3.270133
0.667796 2.727486
0.670796 2.183545
0.673795 1.638567
0.676795 1.092811
0.679795 0.546535
0.682795 -0.000000

0.682795 -0.000000
0.685244 0.282995
0.687693 0.565859
0.690143 0.848461
0.692592 1.130671
0.695041 1.412357
0.697491 1.693393
0.699940 1.973650
0.702389 2.253002
0.704839 2.531325
0.707288 2.808495
0.709737 3.084393
0.712187 3.358900
0.714636 3.631901
0.717085 3.903282
0.719535 4.172933
0.721984 4.440748
0.724433 4.706622
0.726882 4.970455
0.729332 5.232151
0.731781 5.491616
0.734231 5.748761
0.736680 6.003501
0.739129 6.255755
0.741578 6.505445
0.744028 6.752499
0.746477 6.996847
0.748926 7.238427
0.751376 7.477177
0.753825 7.713044
0.756274 7.945974
0.758724 8.175923
0.761173 8.402846
0.763622 8.626707
0.766072 8.847471
0.768521 9.065109
0.770970 9.279595
0.773420 9.490907
0.775869 9.699027
0.778318 9.903941
0.780767 10.105638
0.783217 10.304110
0.785666 10.499354
0.788115 10.691366
0.790565 10.880149
0.793014 11.065706
0.795463 11.248042
0.797913 11.427165
0.800362 11.603086
0.802811 11.775813
0.805261 11.945359
0.807710 12.111738
0.810159 12.274961
0.812609 12.435044
0.815058 12.591999
0.817507 12.745839
0.819957 12.896579
0.822406 13.044229
0.824855 13.188801
0.827305 13.330305
0.829754 13.468750
0.832203 13.604141
0.834653 13.736485
0.837102 13.865783
0.839551 13.992036
0.842001 14.115244
0.844450 14.235401
0.846899 14.352502
0.849348 14.466537
0.851798 14.577495
0.854247 14.685362
0.856696 14.790122
0.859146 14.891754
0.861595 14.990239
0.864044 15.085551
0.866494 15.177666
0.868943 15.266555
0.871392 15.352189
0.873842 15.434535
0.876291 15.513562
0.878740 15.589236
0.881189 15.661520
0.883639 15.730381
0.886088 15.795781
0.888537 15.857684
0.890987 15.916055
0.893436 15.970857
0.895886 16.022055
0.898335 16.069616
0.900784 16.113506
0.903233 16.153695
0.905683 16.190152
0.908132 16.222850
0.910581 16.251764
0.913031 16.276871
0.915480 16.298150
0.917929 16.315585
0.920379 16.329161
0.922828 16.338866
0.925277 16.344692
0.927727 16.346635


0.000000 38.794306
0.002828 38.792892
0.005657 38.788651
0.008485 38.781594
0.011313 38.771734
0.014141 38.759093
0.016969 38.743697
0.019798 38.725577
0.022626 38.704769
0.025454 38.681317
0.028282 38.655265
0.031110 38.626664
0.033939 38.595567
0.036767 38.562033
0.039595 38.526122
0.042423 38.487896
0.045252 38.447419
0.048080 38.404758
0.050908 38.359980
0.053736 38.313152
0.056565 38.264343
0.059393 38.213619
0.062221 38.161047
0.065049 38.106692
0.067877 38.050617
0.070706 37.992884
0.073534 37.933552
0.076362 37.872678
0.079190 37.810315
0.082019 37.746513
0.084847 37.681321
0.087675 37.614783
0.090503 37.546939
0.093331 37.477827
0.096160 37.407481
0.098988 37.335932
0.101816 37.263210
0.104645 37.189339
0.107473 37.114342
0.110301 37.038241
0.113129 36.961054
0.115957 36.882799
0.118786 36.803493
0.121614 36.723153
0.124442 36.641794
0.127270 36.559433
0.130099 36.476087
0.132927 36.391776
0.135755 36.306521
0.138583 36.220345
0.141411 36.133274
0.144240 36.045340
0.147068 35.956575
0.149896 35.867019
0.152724 35.776715
0.155553 35.685712
0.158381 35.594064
0.161209 35.501831
0.164037 35.409081
0.166865 35.315885
0.169694 35.222325
0.172522 35.128486
0.175350 35.034461
0.178178 34.940351
0.181007 34.846261
0.183835 34.752306
0.186663 34.658605
0.189491 34.565283
0.192320 34.472473
0.195148 34.380310
0.197976 34.288939
0.200804 34.198504
0.203632 34.109157
0.206461 34.021053
0.209289 33.934347
0.212117 33.849201
0.214945 33.765773
0.217774 33.684227
0.220602 33.604723
0.223430 33.527422
0.226258 33.452485
0.229086 33.380068
0.231915 33.310326
0.234743 33.243409
0.237571 33.179465
0.240399 33.118634
0.243228 33.061052
0.246056 33.006849
0.248884 32.956146
0.251712 32.909060
0.254541 32.865698
0.257369 32.826159
0.260197 32.790533
0.263025 32.758904
0.265854 32.731343
0.268682 32.707913
0.271510 32.688670
0.274338 32.673657
0.277166 32.662908
0.279995 32.656449
0.282823 32.654295

0.282823 32.654295
0.283823 32.654364
0.284823 32.654573
0.285823 32.654921
0.286823 32.655409
0.287822 32.656036
0.288822 32.656802
0.289822 32.657708
0.290822 32.658754
0.291822 32.659939
0.292822 32.661264
0.293822 32.662728
0.294822 32.664332
0.295822 32.666077
0.296822 32.667961
0.297822 32.669986
0.298822 32.672151
0.299822 32.674457
0.300822 32.676903
0.301822 32.679490
0.302822 32.682218
0.303821 32.685087
0.304821 32.688098
0.305821 32.691250
0.306821 32.694544
0.307821 32.697979
0.308821 32.701557
0.309821 32.705278
0.310821 32.709141
0.311821 32.713147
0.312821 32.717296
0.313821 32.721588
0.314821 32.726024
0.315821 32.730604
0.316821 32.735329
0.317820 32.740197
0.318820 32.745211
0.319820 32.750369
0.320820 32.755673
0.321820 32.761123
0.322820 32.766718
0.323820 32.772460
0.324820 32.778348
0.325820 32.784383
0.326820 32.790566
0.327820 32.796896
0.328820 32.803374
0.329820 32.810000
0.330819 32.816774
0.331819 32.823698
0.332819 32.830771
0.333819 32.837993
0.334819 32.845366
0.335819 32.852888
0.336819 32.860562
0.337819 32.868386
0.338819 32.876362
0.339819 32.884489
0.340819 32.892769
0.341819 32.901201
0.342819 32.909786
0.343819 32.918523
0.344818 32.927415
0.345818 32.936460
0.346818 32.945659
0.347818 32.955012
0.348818 32.964521
0.349818 32.974184
0.350818 32.984004
0.351818 32.993978
0.352818 33.004109
0.353818 33.014397
0.354818 33.024841
0.355818 33.035442
0.356818 33.046201
0.357818 33.057117
0.358818 33.068191
0.359818 33.079423
0.360817 33.090814
0.361817 33.102364
0.362817 33.114072
0.363817 33.125940
0.364817 33.137967
0.365817 33.150154
0.366817 33.162500
0.367817 33.175007
0.368817 33.187674
0.369817 33.200501
0.370817 33.213489
0.371817 33.226637
0.372817 33.239947
0.373816 33.253417
0.374816 33.267048
0.375816 33.280841
0.376816 33.294795
0.377816 33.308910
0.378816 33.323187
0.379816 33.337624
0.380816 33.352224
0.381816 33.366984
0.382816 33.381906

0.382816 32.384698
0.385816 32.175294
0.388815 31.963010
0.391815 31.749536
0.394815 31.539116
0.397815 31.346150
0.400815 31.236044
0.403814 31.339553
0.406814 31.567618
0.409814 31.824854
0.412814 32.089248
0.415814 32.354844
0.418813 32.619368
0.421813 32.881705
0.424813 33.141193
0.427813 33.397382
0.430812 33.649933
0.433812 33.898572
0.436812 34.143071
0.439812 34.383227
0.442812 34.618863
0.445811 34.849818
0.448811 35.075946
0.451811 35.297115
0.454811 35.513201
0.457811 35.724094
0.460810 35.929692
0.463810 36.129900
0.466810 36.324633
0.469810 36.513813
0.472809 36.697372
0.475809 36.875245
0.478809 37.047377
0.481809 37.213720
0.484809 37.374232
0.487808 37.528876
0.490808 37.677625
0.493808 37.820457
0.496808 37.957356
0.499808 38.088313
0.502807 38.213327
0.505807 38.332402
0.508807 38.445548
0.511807 38.552786
0.514807 38.654139
0.517806 38.749639
0.520806 38.839328
0.523806 38.923250
0.526806 39.001459
0.529806 39.074019
0.532805 39.140996
0.535805 39.202469
0.538805 39.258520
0.541805 39.309244
0.544805 39.354739
0.547804 39.395113
0.550804 39.430483
0.553804 39.460972
0.556804 39.486711
0.559803 39.507842
0.562803 39.524509
0.565803 39.536870
0.568803 39.545085
0.571803 39.549325
0.574802 39.549767
0.577802 39.546595
0.580802 39.539998
0.583802 39.530173
0.586801 39.517322
0.589801 39.501653
0.592801 39.483380
0.595801 39.462718
0.598801 39.439889
0.601800 39.415117
0.604800 39.388630
0.607800 39.360655
0.610800 39.331424
0.613800 39.301168
0.616799 39.270116
0.619799 39.238499
0.622799 39.206543
0.625799 39.174476
0.628799 39.142516
0.631798 39.110883
0.634798 39.079787
0.637798 39.049433
0.640798 39.020021
0.643798 38.991741
0.646797 38.964773
0.649797 38.939290
0.652797 38.915454
0.655797 38.893415
0.658797 38.873311
0.661796 38.855267
0.664796 38.839396
0.667796 38.825797
0.670796 38.814554
0.673795 38.805737
0.676795 38.799400
0.679795 38.795582
0.682795 38.794306

0.682795 38.794306
0.685244 38.794967
0.687693 38.796948
0.690143 38.800242
0.692592 38.804838
0.695041 38.810722
0.697491 38.817873
0.699940 38.826269
0.702389 38.835883
0.704839 38.846681
0.707288 38.858629
0.709737 38.871688
0.712187 38.885814
0.714636 38.900960
0.717085 38.917076
0.719535 38.934108
0.721984 38.951999
0.724433 38.970690
0.726882 38.990116
0.729332 39.010213
0.731781 39.030912
0.734231 39.052142
0.736680 39.073830
0.739129 39.095899
0.741578 39.118274
0.744028 39.140875
0.746477 39.163620
0.748926 39.186429
0.751376 39.209216
0.753825 39.231898
0.756274 39.254389
0.758724 39.276602
0.761173 39.298450
0.763622 39.319846
0.766072 39.340701
0.768521 39.360929
0.770970 39.380440
0.773420 39.399146
0.775869 39.416961
0.778318 39.433795
0.780767 39.449564
0.783217 39.464180
0.785666 39.477558
0.788115 39.489615
0.790565 39.500265
0.793014 39.509427
0.795463 39.517020
0.797913 39.522965
0.800362 39.527182
0.802811 39.529596
0.805261 39.530132
0.807710 39.528715
0.810159 39.525276
0.812609 39.519745
0.815058 39.512055
0.817507 39.502140
0.819957 39.489940
0.822406 39.475393
0.824855 39.458443
0.827305 39.439035
0.829754 39.417118
0.832203 39.392644
0.834653 39.365569
0.837102 39.335851
0.839551 39.303453
0.842001 39.268343
0.844450 39.230492
0.846899 39.189878
0.849348 39.146483
0.851798 39.100297
0.854247 39.051313
0.856696 38.999536
0.859146 38.944977
0.861595 38.887656
0.864044 38.827604
0.866494 38.764866
0.868943 38.699497
0.871392 38.631571
0.873842 38.561178
0.876291 38.488429
0.878740 38.413459
0.881189 38.336431
0.883639 38.257540
0.886088 38.177017
0.888537 38.095141
0.890987 38.012236
0.893436 37.928691
0.895886 37.844960
0.898335 37.761577
0.900784 37.679167
0.903233 37.598452
0.905683 37.520267
0.908132 37.445558
0.910581 37.375385
0.913031 37.310910
0.915480 37.253367
0.917929 37.204017
0.920379 37.164083
0.922828 37.134660
0.925277 37.116626
0.927727 37.110549


0.000000 38.794306
0.002828 38.796198
0.005657 38.801864
0.008485 38.811280
0.011313 38.824402
0.014141 38.841171
0.016969 38.861512
0.019798 38.885333
0.022626 38.912526
0.025454 38.942969
0.028282 38.976526
0.031110 39.013045
0.033939 39.052364
0.036767 39.094306
0.039595 39.138684
0.042423 39.185300
0.045252 39.233947
0.048080 39.284409
0.050908 39.336463
0.053736 39.389879
0.056565 39.444421
0.059393 39.499848
0.062221 39.555918
0.065049 39.612385
0.067877 39.669001
0.070706 39.725518
0.073534 39.781691
0.076362 39.837273
0.079190 39.892023
0.082019 39.945702
0.084847 39.998076
0.087675 40.048917
0.090503 40.098001
0.093331 40.145114
0.096160 40.190049
0.098988 40.232607
0.101816 40.272598
0.104645 40.309843
0.107473 40.344173
0.110301 40.375429
0.113129 40.403464
0.115957 40.428144
0.118786 40.449343
0.121614 40.466952
0.124442 40.480872
0.127270 40.491017
0.130099 40.497312
0.132927 40.499698
0.135755 40.498125
0.138583 40.492558
0.141411 40.482973
0.144240 40.469358
0.147068 40.451713
0.149896 40.430049
0.152724 40.404387
0.155553 40.374761
0.158381 40.341211
0.161209 40.303790
0.164037 40.262558
0.166865 40.217581
0.169694 40.168936
0.172522 40.116703
0.175350 40.060971
0.178178 40.001830
0.181007 39.939378
0.183835 39.873713
0.186663 39.804938
0.189491 39.733155
0.192320 39.658468
0.195148 39.580981
0.197976 39.500797
0.200804 39.418016
0.203632 39.332735
0.206461 39.245050
0.209289 39.155050
0.212117 39.062821
0.214945 38.968440
0.217774 38.871983
0.220602 38.773514
0.223430 38.673092
0.226258 38.570767
0.229086 38.466583
0.231915 38.360573
0.234743 38.252760
0.237571 38.143162
0.240399 38.031783
0.243228 37.918621
0.246056 37.803662
0.248884 37.686883
0.251712 37.568254
0.254541 37.447733
0.257369 37.325271
0.260197 37.200808
0.263025 37.074279
0.265854 36.945608
0.268682 36.814712
0.271510 36.681503
0.274338 36.545885
0.277166 36.407756
0.279995 36.267009
0.282823 36.123530

0.282823 36.123530
0.283823 36.123669
0.284823 36.124086
0.285823 36.124780
0.286823 36.125750
0.287822 36.126997
0.288822 36.128518
0.289822 36.130313
0.290822 36.132379
0.291822 36.134716
0.292822 36.137320
0.293822 36.140191
0.294822 36.143325
0.295822 36.146720
0.296822 36.150374
0.297822 36.154282
0.298822 36.158442
0.299822 36.162851
0.300822 36.167505
0.301822 36.172400
0.302822 36.177534
0.303821 36.182900
0.304821 36.188497
0.305821 36.194319
0.306821 36.200363
0.307821 36.206623
0.308821 36.213096
0.309821 36.219777
0.310821 36.226661
0.311821 36.233744
0.312821 36.241021
0.313821 36.248487
0.314821 36.256137
0.315821 36.263967
0.316821 36.271972
0.317820 36.280146
0.318820 36.288485
0.319820 36.296984
0.320820 36.305638
0.321820 36.314442
0.322820 36.323391
0.323820 36.332480
0.324820 36.341704
0.325820 36.351059
0.326820 36.360539
0.327820 36.370139
0.328820 36.379855
0.329820 36.389682
0.330819 36.399615
0.331819 36.409649
0.332819 36.419779
0.333819 36.430001
0.334819 36.440310
0.335819 36.450701
0.336819 36.461169
0.337819 36.471711
0.338819 36.482321
0.339819 36.492995
0.340819 36.503729
0.341819 36.514517
0.342819 36.525356
0.343819 36.536241
0.344818 36.547168
0.345818 36.558132
0.346818 36.569129
0.347818 36.580155
0.348818 36.591205
0.349818 36.602276
0.350818 36.613364
0.351818 36.624463
0.352818 36.635570
0.353818 36.646682
0.354818 36.657793
0.355818 36.668901
0.356818 36.680000
0.357818 36.691088
0.358818 36.702159
0.359818 36.713212
0.360817 36.724241
0.361817 36.735242
0.362817 36.746213
0.363817 36.757149
0.364817 36.768047
0.365817 36.778903
0.366817 36.789714
0.367817 36.800476
0.368817 36.811184
0.369817 36.821837
0.370817 36.832430
0.371817 36.842961
0.372817 36.853425
0.373816 36.863819
0.374816 36.874140
0.375816 36.884385
0.376816 36.894551
0.377816 36.904633
0.378816 36.914630
0.379816 36.924538
0.380816 36.934354
0.381816 36.944075
0.382816 36.953698

0.382816 33.381906
0.385816 33.427640
0.388815 33.474823
0.391815 33.523451
0.394815 33.573520
0.397815 33.625021
0.400815 33.677945
0.403814 33.732281
0.406814 33.788015
0.409814 33.845132
0.412814 33.903614
0.415814 33.963440
0.418813 34.024589
0.421813 34.087034
0.424813 34.150749
0.427813 34.215704
0.430812 34.281867
0.433812 34.349202
0.436812 34.417672
0.439812 34.487238
0.442812 34.557856
0.445811 34.629483
0.448811 34.702071
0.451811 34.775570
0.454811 34.849930
0.457811 34.925095
0.460810 35.001010
0.463810 35.077618
0.466810 35.154858
0.469810 35.232669
0.472809 35.310987
0.475809 35.389748
0.478809 35.468885
0.481809 35.548332
0.484809 35.628021
0.487808 35.707881
0.490808 35.787843
0.493808 35.867837
0.496808 35.947792
0.499808 36.027637
0.502807 36.107300
0.505807 36.186712
0.508807 36.265802
0.511807 36.344500
0.514807 36.422736
0.517806 36.500443
0.520806 36.577553
0.523806 36.654000
0.526806 36.729719
0.529806 36.804648
0.532805 36.878725
0.535805 36.951890
0.538805 37.024086
0.541805 37.095257
0.544805 37.165349
0.547804 37.234312
0.550804 37.302096
0.553804 37.368656
0.556804 37.433946
0.559803 37.497926
0.562803 37.560558
0.565803 37.621805
0.568803 37.681633
0.571803 37.740012
0.574802 37.796914
0.577802 37.852313
0.580802 37.906186
0.583802 37.958514
0.586801 38.009278
0.589801 38.058462
0.592801 38.106055
0.595801 38.152045
0.598801 38.196423
0.601800 38.239184
0.604800 38.280323
0.607800 38.319838
0.610800 38.357727
0.613800 38.393991
0.616799 38.428634
0.619799 38.461658
0.622799 38.493068
0.625799 38.522870
0.628799 38.551071
0.631798 38.577678
0.634798 38.602700
0.637798 38.626145
0.640798 38.648023
0.643798 38.668341
0.646797 38.687110
0.649797 38.704338
0.652797 38.720034
0.655797 38.734207
0.658797 38.746864
0.661796 38.758013
0.664796 38.767661
0.667796 38.775814
0.670796 38.782477
0.673795 38.787655
0.676795 38.791351
0.679795 38.793568
0.682795 38.794306

0.682795 38.794306
0.685244 38.793624
0.687693 38.791579
0.690143 38.788174
0.692592 38.783412
0.695041 38.777299
0.697491 38.769842
0.699940 38.761051
0.702389 38.750935
0.704839 38.739506
0.707288 38.726779
0.709737 38.712769
0.712187 38.697492
0.714636 38.680967
0.717085 38.663215
0.719535 38.644256
0.721984 38.624114
0.724433 38.602815
0.726882 38.580384
0.729332 38.556850
0.731781 38.532242
0.734231 38.506591
0.736680 38.479929
0.739129 38.452291
0.741578 38.423712
0.744028 38.394228
0.746477 38.363877
0.748926 38.332699
0.751376 38.300733
0.753825 38.268021
0.756274 38.234605
0.758724 38.200529
0.761173 38.165836
0.763622 38.130572
0.766072 38.094781
0.768521 38.058510
0.770970 38.021806
0.773420 37.984714
0.775869 37.947283
0.778318 37.909558
0.780767 37.871588
0.783217 37.833420
0.785666 37.795099
0.788115 37.756673
0.790565 37.718188
0.793014 37.679688
0.795463 37.641220
0.797913 37.602826
0.800362 37.564551
0.802811 37.526436
0.805261 37.488522
0.807710 37.450851
0.810159 37.413460
0.812609 37.376388
0.815058 37.339671
0.817507 37.303345
0.819957 37.267443
0.822406 37.231998
0.824855 37.197041
0.827305 37.162601
0.829754 37.128707
0.832203 37.095386
0.834653 37.062664
0.837102 37.030563
0.839551 36.999108
0.842001 36.968320
0.844450 36.938219
0.846899 36.908823
0.849348 36.880152
0.851798 36.852222
0.854247 36.825048
0.856696 36.798645
0.859146 36.773027
0.861595 36.748207
0.864044 36.724196
0.866494 36.701007
0.868943 36.678650
0.871392 36.657134
0.873842 36.636469
0.876291 36.616664
0.878740 36.597726
0.881189 36.579664
0.883639 36.562485
0.886088 36.546196
0.888537 36.530803
0.890987 36.516312
0.893436 36.502728
0.895886 36.490058
0.898335 36.478306
0.900784 36.467476
0.903233 36.457574
0.905683 36.448602
0.908132 36.440565
0.910581 36.433466
0.913031 36.427307
0.915480 36.422092
0.917929 36.417822
0.920379 36.414499
0.922828 36.412124
0.925277 36.410699
0.927727 36.410224


0.000000 38.794306
0.002828 38.792892
0.005657 38.788651
0.008485 38.781594
0.011313 38.771734
0.014141 38.759093
0.016969 38.743697
0.019798 38.725577
0.022626 38.704769
0.025454 38.681317
0.028282 38.655265
0.031110 38.626664
0.033939 38.595567
0.036767 38.562033
0.039595 38.526122
0.042423 38.487896
0.045252 38.447419
0.048080 38.404758
0.050908 38.359980
0.053736 38.313152
0.056565 38.264343
0.059393 38.213619
0.062221 38.161047
0.065049 38.106692
0.067877 38.050617
0.070706 37.992884
0.073534 37.933552
0.076362 37.872678
0.079190 37.810315
0.082019 37.746513
0.084847 37.681321
0.087675 37.614783
0.090503 37.546939
0.093331 37.477827
0.096160 37.407481
0.098988 37.335932
0.101816 37.263210
0.104645 37.189339
0.107473 37.114342
0.110301 37.038241
0.113129 36.961054
0.115957 36.882799
0.118786 36.803493
0.121614 36.723153
0.124442 36.641794
0.127270 36.559433
0.130099 36.476087
0.132927 36.391776
0.135755 36.306521
0.138583 36.220345
0.141411 36.133274
0.144240 36.045340
0.147068 35.956575
0.149896 35.867019
0.152724 35.776715
0.155553 35.685712
0.158381 35.594064
0.161209 35.501831
0.164037 35.409081
0.166865 35.315885
0.169694 35.222325
0.172522 35.128486
0.175350 35.034461
0.178178 34.940351
0.181007 34.846261
0.183835 34.752306
0.186663 34.658605
0.189491 34.565283
0.192320 34.472473
0.195148 34.380310
0.197976 34.288939
0.200804 34.198504
0.203632 34.109157
0.206461 34.021053
0.209289 33.934347
0.212117 33.849201
0.214945 33.765773
0.217774 33.684227
0.220602 33.604723
0.223430 33.527422
0.226258 33.452485
0.229086 33.380068
0.231915 33.310326
0.234743 33.243409
0.237571 33.179465
0.240399 33.118634
0.243228 33.061052
0.246056 33.006849
0.248884 32.956146
0.251712 32.909060
0.254541 32.865698
0.257369 32.826159
0.260197 32.790533
0.263025 32.758904
0.265854 32.731343
0.268682 32.707913
0.271510 32.688670
0.274338 32.673657
0.277166 32.662908
0.279995 32.656449
0.282823 32.654295

0.282823 36.123530
0.283823 36.123129
0.284823 36.121924
0.285823 36.119916
0.286823 36.117106
0.287822 36.113492
0.288822 36.109077
0.289822 36.103859
0.290822 36.097840
0.291822 36.091020
0.292822 36.083400
0.293822 36.074980
0.294822 36.065761
0.295822 36.055744
0.296822 36.044930
0.297822 36.033319
0.298822 36.020914
0.299822 36.007714
0.300822 35.993721
0.301822 35.978937
0.302822 35.963362
0.303821 35.946998
0.304821 35.929847
0.305821 35.911909
0.306821 35.893187
0.307821 35.873682
0.308821 35.853396
0.309821 35.832330
0.310821 35.810487
0.311821 35.787868
0.312821 35.764475
0.313821 35.740310
0.314821 35.715376
0.315821 35.689674
0.316821 35.663207
0.317820 35.635977
0.318820 35.607986
0.319820 35.579237
0.320820 35.549732
0.321820 35.519474
0.322820 35.488465
0.323820 35.456707
0.324820 35.424205
0.325820 35.390959
0.326820 35.356974
0.327820 35.322251
0.328820 35.286795
0.329820 35.250607
0.330819 35.213691
0.331819 35.176050
0.332819 35.137687
0.333819 35.098605
0.334819 35.058807
0.335819 35.018297
0.336819 34.977079
0.337819 34.935154
0.338819 34.892527
0.339819 34.849202
0.340819 34.805181
0.341819 34.760469
0.342819 34.715069
0.343819 34.668984
0.344818 34.622219
0.345818 34.574777
0.346818 34.526662
0.347818 34.477878
0.348818 34.428429
0.349818 34.378319
0.350818 34.327551
0.351818 34.276130
0.352818 34.224060
0.353818 34.171346
0.354818 34.117991
0.355818 34.064000
0.356818 34.009377
0.357818 33.954127
0.358818 33.898253
0.359818 33.841762
0.360817 33.784657
0.361817 33.726943
0.362817 33.668626
0.363817 33.609709
0.364817 33.550199
0.365817 33.490100
0.366817 33.429418
0.367817 33.368158
0.368817 33.306326
0.369817 33.243929
0.370817 33.180972
0.371817 33.117461
0.372817 33.053404
0.373816 32.988808
0.374816 32.923680
0.375816 32.858029
0.376816 32.791864
0.377816 32.725195
0.378816 32.658031
0.379816 32.590385
0.380816 32.522271
0.381816 32.453703
0.382816 32.384698

0.382816 36.953698
0.385816 36.981950
0.388815 37.009217
0.391815 37.035425
0.394815 37.060506
0.397815 37.084396
0.400815 37.107033
0.403814 37.128363
0.406814 37.148336
0.409814 37.166907
0.412814 37.184037
0.415814 37.199692
0.418813 37.213847
0.421813 37.226481
0.424813 37.237581
0.427813 37.247142
0.430812 37.255165
0.433812 37.261660
0.436812 37.266645
0.439812 37.270145
0.442812 37.272197
0.445811 37.272842
0.448811 37.272133
0.451811 37.270130
0.454811 37.266904
0.457811 37.262533
0.460810 37.257105
0.463810 37.250714
0.466810 37.243465
0.469810 37.235469
0.472809 37.226845
0.475809 37.217720
0.478809 37.208225
0.481809 37.198498
0.484809 37.188683
0.487808 37.178924
0.490808 37.169372
0.493808 37.160179
0.496808 37.151496
0.499808 37.143478
0.502807 37.136274
0.505807 37.130036
0.508807 37.124908
0.511807 37.121032
0.514807 37.118545
0.517806 37.117577
0.520806 37.118249
0.523806 37.120674
0.526806 37.124958
0.529806 37.131195
0.532805 37.139467
0.535805 37.149847
0.538805 37.162394
0.541805 37.177156
0.544805 37.194167
0.547804 37.213447
0.550804 37.235005
0.553804 37.258835
0.556804 37.284919
0.559803 37.313223
0.562803 37.343702
0.565803 37.376297
0.568803 37.410937
0.571803 37.447539
0.574802 37.486006
0.577802 37.526231
0.580802 37.568098
0.583802 37.611476
0.586801 37.656230
0.589801 37.702211
0.592801 37.749266
0.595801 37.797232
0.598801 37.845940
0.601800 37.895215
0.604800 37.944877
0.607800 37.994744
0.610800 38.044628
0.613800 38.094340
0.616799 38.143690
0.619799 38.192487
0.622799 38.240541
0.625799 38.287664
0.628799 38.333668
0.631798 38.378372
0.634798 38.421595
0.637798 38.463165
0.640798 38.502914
0.643798 38.540679
0.646797 38.576308
0.649797 38.609655
0.652797 38.640583
0.655797 38.668965
0.658797 38.694685
0.661796 38.717635
0.664796 38.737721
0.667796 38.754861
0.670796 38.768982
0.673795 38.780027
0.676795 38.787949
0.679795 38.792715
0.682795 38.794306

0.682795 38.794306
0.685244 38.793624
0.687693 38.791579
0.690143 38.788174
0.692592 38.783412
0.695041 38.777299
0.697491 38.769842
0.699940 38.761051
0.702389 38.750935
0.704839 38.739506
0.707288 38.726779
0.709737 38.712769
0.712187 38.697492
0.714636 38.680967
0.717085 38.663215
0.719535 38.644256
0.721984 38.624114
0.724433 38.602815
0.726882 38.580384
0.729332 38.556850
0.731781 38.532242
0.734231 38.506591
0.736680 38.479929
0.739129 38.452291
0.741578 38.423712
0.744028 38.394228
0.746477 38.363877
0.748926 38.332699
0.751376 38.300733
0.753825 38.268021
0.756274 38.234605
0.758724 38.200529
0.761173 38.165836
0.763622 38.130572
0.766072 38.094781
0.768521 38.058510
0.770970 38.021806
0.773420 37.984714
0.775869 37.947283
0.778318 37.909558
0.780767 37.871588
0.783217 37.833420
0.785666 37.795099
0.788115 37.756673
0.790565 37.718188
0.793014 37.679688
0.795463 37.641220
0.797913 37.602826
0.800362 37.564551
0.802811 37.526436
0.805261 37.488522
0.807710 37.450851
0.810159 37.413460
0.812609 37.376388
0.815058 37.339671
0.817507 37.303345
0.819957 37.267443
0.822406 37.231998
0.824855 37.197041
0.827305 37.162601
0.829754 37.128707
0.832203 37.095386
0.834653 37.062664
0.837102 37.030563
0.839551 36.999108
0.842001 36.968320
0.844450 36.938219
0.846899 36.908823
0.849348 36.880152
0.851798 36.852222
0.854247 36.825048
0.856696 36.798645
0.859146 36.773027
0.861595 36.748207
0.864044 36.724196
0.866494 36.701007
0.868943 36.678650
0.871392 36.657134
0.873842 36.636469
0.876291 36.616664
0.878740 36.597726
0.881189 36.579664
0.883639 36.562485
0.886088 36.546196
0.888537 36.530803
0.890987 36.516312
0.893436 36.502728
0.895886 36.490058
0.898335 36.478306
0.900784 36.467476
0.903233 36.457574
0.905683 36.448602
0.908132 36.440565
0.910581 36.433466
0.913031 36.427307
0.915480 36.422092
0.917929 36.417822
0.920379 36.414499
0.922828 36.412124
0.925277 36.410699
0.927727 36.410224


