0.00000000 0.02958706
0.00300875 0.36026352
0.00601751 0.71864073
0.00902626 1.07729937
0.01203502 1.43587450
0.01504377 1.79424362
0.01805252 2.15232476
0.02106128 2.51004753
0.02407003 2.86734586
0.02707879 3.22415564
0.03008754 3.58041367
0.03309629 3.93605732
0.03610505 4.29102422
0.03911380 4.64525222
0.04212255 4.99867929
0.04513131 5.35124351
0.04814006 5.70288304
0.05114882 6.05353613
0.05415757 6.40314111
0.05716632 6.75163641
0.06017508 7.09896057
0.06318383 7.44505225
0.06619259 7.78985023
0.06920134 8.13329349
0.07221009 8.47532114
0.07521885 8.81587251
0.07822760 9.15488716
0.08123636 9.49230488
0.08424511 9.82806570
0.08725386 10.16210995
0.09026262 10.49437827
0.09327137 10.82481160
0.09628012 11.15335120
0.09928888 11.47993871
0.10229763 11.80451608
0.10530639 12.12702564
0.10831514 12.44741009
0.11132389 12.76561245
0.11433265 13.08157612
0.11734140 13.39524479
0.12035016 13.70656248
0.12335891 14.01547347
0.12636766 14.32192227
0.12937642 14.62585354
0.13238517 14.92721208
0.13539393 15.22594271
0.13840268 15.52199018
0.14141143 15.81529909
0.14442019 16.10581372
0.14742894 16.39347796
0.15043769 16.67823505
0.15344645 16.96002748
0.15645520 17.23879672
0.15946396 17.51448303
0.16247271 17.78702512
0.16548146 18.05635993
0.16849022 18.32242221
0.17149897 18.58514421
0.17450773 18.84445521
0.17751648 19.10028107
0.18052523 19.35254369
0.18353399 19.60116046
0.18654274 19.84604360
0.18955150 20.08709946
0.19256025 20.32422775
0.19556900 20.55732070
0.19857776 20.78626210
0.20158651 21.01092634
0.20459527 21.23117731
0.20760402 21.44686722
0.21061277 21.65783536
0.21362153 21.86390681
0.21663028 22.06489106
0.21963903 22.26058062
0.22264779 22.45074960
0.22565654 22.63515237
0.22866530 22.81352228
0.23167405 22.98557056
0.23468280 23.15098548
0.23769156 23.30943185
0.24070031 23.46055112
0.24370907 23.60396203
0.24671782 23.73926216
0.24972657 23.86603056
0.25273533 23.98383142
0.25574408 24.09221928
0.25875284 24.19074555
0.26176159 24.27896658
0.26477034 24.35645301
0.26777910 24.42280030
0.27078785 24.47763994
0.27379660 24.52065077
0.27680536 24.55156979
0.27981411 24.57020158
0.28282287 24.57642573

0.28282287 24.57642573
0.28585296 24.57454102
0.28888305 24.56888805
0.29191314 24.55947036
0.29494323 24.54629385
0.29797332 24.52936673
0.30100341 24.50869951
0.30403350 24.48430498
0.30706359 24.45619815
0.31009368 24.42439621
0.31312377 24.38891847
0.31615386 24.34978632
0.31918395 24.30702312
0.32221404 24.26065415
0.32524413 24.21070655
0.32827422 24.15720917
0.33130431 24.10019256
0.33433440 24.03968879
0.33736449 23.97573141
0.34039458 23.90835531
0.34342467 23.83759661
0.34645476 23.76349255
0.34948486 23.68608136
0.35251495 23.60540217
0.35554504 23.52149483
0.35857513 23.43439984
0.36160522 23.34415817
0.36463531 23.25081115
0.36766540 23.15440037
0.37069549 23.05496748
0.37372558 22.95255411
0.37675567 22.84720174
0.37978576 22.73895152
0.38281585 22.62784420

0.38281585 22.62784420
0.38581564 22.51507304
0.38881543 22.39957938
0.39181522 22.28140081
0.39481501 22.16057405
0.39781480 22.03713483
0.40081459 21.91111780
0.40381438 21.78255645
0.40681417 21.65148298
0.40981396 21.51792824
0.41281374 21.38192164
0.41581353 21.24349109
0.41881332 21.10266291
0.42181311 20.95946179
0.42481290 20.81391074
0.42781269 20.66603102
0.43081248 20.51584214
0.43381227 20.36336181
0.43681206 20.20860592
0.43981185 20.05158854
0.44281164 19.89232190
0.44581143 19.73081642
0.44881122 19.56708071
0.45181101 19.40112159
0.45481080 19.23294413
0.45781059 19.06255170
0.46081038 18.88994599
0.46381017 18.71512710
0.46680996 18.53809359
0.46980975 18.35884253
0.47280953 18.17736963
0.47580932 17.99366929
0.47880911 17.80773471
0.48180890 17.61955797
0.48480869 17.42913016
0.48780848 17.23644148
0.49080827 17.04148137
0.49380806 16.84423861
0.49680785 16.64470145
0.49980764 16.44285775
0.50280743 16.23869512
0.50580722 16.03220101
0.50880701 15.82336292
0.51180680 15.61216845
0.51480659 15.39860552
0.51780638 15.18266244
0.52080617 14.96432811
0.52380596 14.74359211
0.52680575 14.52044487
0.52980554 14.29487776
0.53280532 14.06688329
0.53580511 13.83645517
0.53880490 13.60358849
0.54180469 13.36827980
0.54480448 13.13052727
0.54780427 12.89033076
0.55080406 12.64769197
0.55380385 12.40261452
0.55680364 12.15510404
0.55980343 11.90516829
0.56280322 11.65281722
0.56580301 11.39806308
0.56880280 11.14092046
0.57180259 10.88140635
0.57480238 10.61954026
0.57780217 10.35534420
0.58080196 10.08884275
0.58380175 9.82006314
0.58680154 9.54903519
0.58980133 9.27579142
0.59280111 9.00036702
0.59580090 8.72279985
0.59880069 8.44313049
0.60180048 8.16140215
0.60480027 7.87766074
0.60780006 7.59195480
0.61079985 7.30433547
0.61379964 7.01485649
0.61679943 6.72357409
0.61979922 6.43054702
0.62279901 6.13583644
0.62579880 5.83950589
0.62879859 5.54162118
0.63179838 5.24225036
0.63479817 4.94146364
0.63779796 4.63933328
0.64079775 4.33593353
0.64379754 4.03134053
0.64679733 3.72563225
0.64979712 3.41888839
0.65279690 3.11119034
0.65579669 2.80262110
0.65879648 2.49326535
0.66179627 2.18320956
0.66479606 1.87254235
0.66779585 1.56135551
0.67079564 1.24974663
0.67379543 0.93782727
0.67679522 0.62575609
0.67979501 0.31397010
0.68279480 0.02958706

0.68279480 0.02958706
0.68581865 0.33234611
0.68884250 0.66255470
0.69186635 0.99288361
0.69489020 1.32284542
0.69791405 1.65221584
0.70093790 1.98081513
0.70396174 2.30847690
0.70698559 2.63504038
0.71000944 2.96034795
0.71303329 3.28424424
0.71605714 3.60657580
0.71908099 3.92719101
0.72210484 4.24594006
0.72512869 4.56267507
0.72815254 4.87725012
0.73117639 5.18952141
0.73420024 5.49934734
0.73722409 5.80658861
0.74024793 6.11110838
0.74327178 6.41277235
0.74629563 6.71144889
0.74931948 7.00700911
0.75234333 7.29932704
0.75536718 7.58827963
0.75839103 7.87374693
0.76141488 8.15561216
0.76443873 8.43376176
0.76746258 8.70808554
0.77048643 8.97847667
0.77351028 9.24483185
0.77653413 9.50705128
0.77955797 9.76503880
0.78258182 10.01870189
0.78560567 10.26795174
0.78862952 10.51270328
0.79165337 10.75287523
0.79467722 10.98839012
0.79770107 11.21917429
0.80072492 11.44515794
0.80374877 11.66627510
0.80677262 11.88246365
0.80979647 12.09366530
0.81282032 12.29982556
0.81584417 12.50089376
0.81886801 12.69682294
0.82189186 12.88756986
0.82491571 13.07309494
0.82793956 13.25336217
0.83096341 13.42833907
0.83398726 13.59799660
0.83701111 13.76230903
0.84003496 13.92125393
0.84305881 14.07481194
0.84608266 14.22296676
0.84910651 14.36570495
0.85213036 14.50301584
0.85515421 14.63489134
0.85817805 14.76132581
0.86120190 14.88231590
0.86422575 14.99786037
0.86724960 15.10795991
0.87027345 15.21261696
0.87329730 15.31183552
0.87632115 15.40562098
0.87934500 15.49397989
0.88236885 15.57691978
0.88539270 15.65444895
0.88841655 15.72657630
0.89144040 15.79331111
0.89446425 15.85466286
0.89748809 15.91064106
0.90051194 15.96125503
0.90353579 16.00651377
0.90655964 16.04642581
0.90958349 16.08099901
0.91260734 16.11024050
0.91563119 16.13415649
0.91865504 16.15275222
0.92167889 16.16603185
0.92470274 16.17399841
0.92772659 16.17665372

0.92772659 16.17665372
0.93075668 16.18073820
0.93378677 16.19298281
0.93681686 16.21336121
0.93984695 16.24182971
0.94287704 16.27832768
0.94590713 16.32277807
0.94893722 16.37508803
0.95196731 16.43514969
0.95499740 16.50284102
0.95802749 16.57802678
0.96105758 16.66055957
0.96408767 16.75028088
0.96711776 16.84702226
0.97014785 16.95060642
0.97317794 17.06084843
0.97620803 17.17755685
0.97923812 17.30053486
0.98226821 17.42958138
0.98529830 17.56449209
0.98832839 17.70506048
0.99135849 17.85107875
0.99438858 18.00233876
0.99741867 18.15863276
1.00044876 18.31975420
1.00347885 18.48549837
1.00650894 18.65566303
1.00953903 18.83004887
1.01256912 19.00846004
1.01559921 19.19070446
1.01862930 19.37659417
1.02165939 19.56594559
1.02468948 19.75857966
1.02771957 19.95432199
1.03074966 20.15300294
1.03377975 20.35445760
1.03680984 20.55852577
1.03983993 20.76505186
1.04287002 20.97388477
1.04590011 21.18487767
1.04893020 21.39788783
1.05196029 21.61277627
1.05499038 21.82940750
1.05802047 22.04764912
1.06105056 22.26737137
1.06408065 22.48844673
1.06711075 22.71074925
1.07014084 22.93415404
1.07317093 23.15853649
1.07620102 23.38377145
1.07923111 23.60973228
1.08226120 23.83628973
1.08529129 24.06331058
1.08832138 24.29065603
1.09135147 24.51817974
1.09438156 24.74572539
1.09741165 24.97312360
1.10044174 25.20018810
1.10347183 25.42671069
1.10650192 25.65245471
1.10953201 25.87714641
1.11256210 26.10046327
1.11559219 26.32201825
1.11862228 26.54133791
1.12165237 26.75783204
1.12468246 26.97075084
1.12771255 27.17912426

1.12771255 27.17912426
1.13072131 27.17470947
1.13373006 27.16153909
1.13673882 27.13983023
1.13974757 27.10992887
1.14275632 27.07228879
1.14576508 27.02744651
1.14877383 26.97599534
1.15178258 26.91856114
1.15479134 26.85578156
1.15780009 26.78828944
1.16080885 26.71670064
1.16381760 26.64160585
1.16682635 26.56356567
1.16983511 26.48310826
1.17284386 26.40072892
1.17585262 26.31689088
1.17886137 26.23202692
1.18187012 26.14654144
1.18487888 26.06081268
1.18788763 25.97519501
1.19089639 25.89002102
1.19390514 25.80560355
1.19691389 25.72223745
1.19992265 25.64020111
1.20293140 25.55975784
1.20594015 25.48115696
1.20894891 25.40463480
1.21195766 25.33041541
1.21496642 25.25871119
1.21797517 25.18972337
1.22098392 25.12364236
1.22399268 25.06064799
1.22700143 25.00090968
1.23001019 24.94458649
1.23301894 24.89182720
1.23602769 24.84277020
1.23903645 24.79754352
1.24204520 24.75626464
1.24505396 24.71904041
1.24806271 24.68596696
1.25107146 24.65712946
1.25408022 24.63260211
1.25708897 24.61244789
1.26009772 24.59671854
1.26310648 24.58545440
1.26611523 24.57868435
1.26912399 24.57642573



0.00000000 0.02958706
0.00300875 0.36026352
0.00601751 0.71864073
0.00902626 1.07729937
0.01203502 1.43587450
0.01504377 1.79424362
0.01805252 2.15232476
0.02106128 2.51004753
0.02407003 2.86734586
0.02707879 3.22415564
0.03008754 3.58041367
0.03309629 3.93605732
0.03610505 4.29102422
0.03911380 4.64525222
0.04212255 4.99867929
0.04513131 5.35124351
0.04814006 5.70288304
0.05114882 6.05353613
0.05415757 6.40314111
0.05716632 6.75163641
0.06017508 7.09896057
0.06318383 7.44505225
0.06619259 7.78985023
0.06920134 8.13329349
0.07221009 8.47532114
0.07521885 8.81587251
0.07822760 9.15488716
0.08123636 9.49230488
0.08424511 9.82806570
0.08725386 10.16210995
0.09026262 10.49437827
0.09327137 10.82481160
0.09628012 11.15335120
0.09928888 11.47993871
0.10229763 11.80451608
0.10530639 12.12702564
0.10831514 12.44741009
0.11132389 12.76561245
0.11433265 13.08157612
0.11734140 13.39524479
0.12035016 13.70656248
0.12335891 14.01547347
0.12636766 14.32192227
0.12937642 14.62585354
0.13238517 14.92721208
0.13539393 15.22594271
0.13840268 15.52199018
0.14141143 15.81529909
0.14442019 16.10581372
0.14742894 16.39347796
0.15043769 16.67823505
0.15344645 16.96002748
0.15645520 17.23879672
0.15946396 17.51448303
0.16247271 17.78702512
0.16548146 18.05635993
0.16849022 18.32242221
0.17149897 18.58514421
0.17450773 18.84445521
0.17751648 19.10028107
0.18052523 19.35254369
0.18353399 19.60116046
0.18654274 19.84604360
0.18955150 20.08709946
0.19256025 20.32422775
0.19556900 20.55732070
0.19857776 20.78626210
0.20158651 21.01092634
0.20459527 21.23117731
0.20760402 21.44686722
0.21061277 21.65783536
0.21362153 21.86390681
0.21663028 22.06489106
0.21963903 22.26058062
0.22264779 22.45074960
0.22565654 22.63515237
0.22866530 22.81352228
0.23167405 22.98557056
0.23468280 23.15098548
0.23769156 23.30943185
0.24070031 23.46055112
0.24370907 23.60396203
0.24671782 23.73926216
0.24972657 23.86603056
0.25273533 23.98383142
0.25574408 24.09221928
0.25875284 24.19074555
0.26176159 24.27896658
0.26477034 24.35645301
0.26777910 24.42280030
0.27078785 24.47763994
0.27379660 24.52065077
0.27680536 24.55156979
0.27981411 24.57020158
0.28282287 24.57642573

0.28282287 24.57642573
0.28585296 24.58289134
0.28888305 24.60226767
0.29191314 24.63449341
0.29494323 24.67946704
0.29797332 24.73704764
0.30100341 24.80705622
0.30403350 24.88927719
0.30706359 24.98346026
0.31009368 25.08932244
0.31312377 25.20655036
0.31615386 25.33480267
0.31918395 25.47371261
0.32221404 25.62289065
0.32524413 25.78192714
0.32827422 25.95039500
0.33130431 26.12785239
0.33433440 26.31384526
0.33736449 26.50790987
0.34039458 26.70957515
0.34342467 26.91836501
0.34645476 27.13380041
0.34948486 27.35540133
0.35251495 27.58268859
0.35554504 27.81518543
0.35857513 28.05241895
0.36160522 28.29392136
0.36463531 28.53923094
0.36766540 28.78789277
0.37069549 29.03945900
0.37372558 29.29348863
0.37675567 29.54954607
0.37978576 29.80719766
0.38281585 30.06600311

0.38281585 30.06600311
0.38581564 30.03800536
0.38881543 29.94098104
0.39181522 29.84416668
0.39481501 29.74754915
0.39781480 29.65110272
0.40081459 29.55478896
0.40381438 29.45855668
0.40681417 29.36234180
0.40981396 29.26606724
0.41281374 29.16964287
0.41581353 29.07296540
0.41881332 28.97591830
0.42181311 28.87837180
0.42481290 28.78018286
0.42781269 28.68119525
0.43081248 28.53362193
0.43381227 28.25115216
0.43681206 27.96556239
0.43981185 27.67695845
0.44281164 27.38544347
0.44581143 27.09111812
0.44881122 26.79408064
0.45181101 26.49442689
0.45481080 26.19225039
0.45781059 25.88764226
0.46081038 25.58069126
0.46381017 25.27148376
0.46680996 24.96010370
0.46980975 24.64663262
0.47280953 24.33114964
0.47580932 24.01373146
0.47880911 23.69445236
0.48180890 23.37338423
0.48480869 23.05059658
0.48780848 22.72615656
0.49080827 22.40012899
0.49380806 22.07257643
0.49680785 21.74355919
0.49980764 21.41313537
0.50280743 21.08136095
0.50580722 20.74828982
0.50880701 20.41397385
0.51180680 20.07846296
0.51480659 19.74180518
0.51780638 19.40404671
0.52080617 19.06523203
0.52380596 18.72540391
0.52680575 18.38460355
0.52980554 18.04287062
0.53280532 17.70024331
0.53580511 17.35675847
0.53880490 17.01245160
0.54180469 16.66735698
0.54480448 16.32150772
0.54780427 15.97493581
0.55080406 15.62767219
0.55380385 15.27974682
0.55680364 14.93118871
0.55980343 14.58202600
0.56280322 14.23228597
0.56580301 13.88199512
0.56880280 13.53117917
0.57180259 13.17986312
0.57480238 12.82807130
0.57780217 12.47582732
0.58080196 12.12315416
0.58380175 11.77007417
0.58680154 11.41660907
0.58980133 11.06277996
0.59280111 10.70860734
0.59580090 10.35411111
0.59880069 9.99931055
0.60180048 9.64422434
0.60480027 9.28887055
0.60780006 8.93326666
0.61079985 8.57742950
0.61379964 8.22137528
0.61679943 7.86511961
0.61979922 7.50867742
0.62279901 7.15206305
0.62579880 6.79529018
0.62879859 6.43837184
0.63179838 6.08132047
0.63479817 5.72414783
0.63779796 5.36686512
0.64079775 5.00948291
0.64379754 4.65201122
0.64679733 4.29445952
0.64979712 3.93683681
0.65279690 3.57915166
0.65579669 3.22141229
0.65879648 2.86362679
0.66179627 2.50580330
0.66479606 2.14795053
0.66779585 1.79007877
0.67079564 1.43220234
0.67379543 1.07434695
0.67679522 0.71657873
0.67979501 0.35920680
0.68279480 0.02958706

0.68279480 0.02958706
0.68581865 0.33234611
0.68884250 0.66255470
0.69186635 0.99288361
0.69489020 1.32284542
0.69791405 1.65221584
0.70093790 1.98081513
0.70396174 2.30847690
0.70698559 2.63504038
0.71000944 2.96034795
0.71303329 3.28424424
0.71605714 3.60657580
0.71908099 3.92719101
0.72210484 4.24594006
0.72512869 4.56267507
0.72815254 4.87725012
0.73117639 5.18952141
0.73420024 5.49934734
0.73722409 5.80658861
0.74024793 6.11110838
0.74327178 6.41277235
0.74629563 6.71144889
0.74931948 7.00700911
0.75234333 7.29932704
0.75536718 7.58827963
0.75839103 7.87374693
0.76141488 8.15561216
0.76443873 8.43376176
0.76746258 8.70808554
0.77048643 8.97847667
0.77351028 9.24483185
0.77653413 9.50705128
0.77955797 9.76503880
0.78258182 10.01870189
0.78560567 10.26795174
0.78862952 10.51270328
0.79165337 10.75287523
0.79467722 10.98839012
0.79770107 11.21917429
0.80072492 11.44515794
0.80374877 11.66627510
0.80677262 11.88246365
0.80979647 12.09366530
0.81282032 12.29982556
0.81584417 12.50089376
0.81886801 12.69682294
0.82189186 12.88756986
0.82491571 13.07309494
0.82793956 13.25336217
0.83096341 13.42833907
0.83398726 13.59799660
0.83701111 13.76230903
0.84003496 13.92125393
0.84305881 14.07481194
0.84608266 14.22296676
0.84910651 14.36570495
0.85213036 14.50301584
0.85515421 14.63489134
0.85817805 14.76132581
0.86120190 14.88231590
0.86422575 14.99786037
0.86724960 15.10795991
0.87027345 15.21261696
0.87329730 15.31183552
0.87632115 15.40562098
0.87934500 15.49397989
0.88236885 15.57691978
0.88539270 15.65444895
0.88841655 15.72657630
0.89144040 15.79331111
0.89446425 15.85466286
0.89748809 15.91064106
0.90051194 15.96125503
0.90353579 16.00651377
0.90655964 16.04642581
0.90958349 16.08099901
0.91260734 16.11024050
0.91563119 16.13415649
0.91865504 16.15275222
0.92167889 16.16603185
0.92470274 16.17399841
0.92772659 16.17665372

0.92772659 16.17665372
0.93075668 16.18615292
0.93378677 16.21460008
0.93681686 16.26184482
0.93984695 16.32763952
0.94287704 16.41164363
0.94590713 16.51342955
0.94893722 16.63248970
0.95196731 16.76824449
0.95499740 16.92005108
0.95802749 17.08721241
0.96105758 17.26898634
0.96408767 17.46459464
0.96711776 17.67323162
0.97014785 17.89407217
0.97317794 18.12627921
0.97620803 18.36901030
0.97923812 18.62142350
0.98226821 18.88268244
0.98529830 19.15196056
0.98832839 19.42844460
0.99135849 19.71133738
0.99438858 19.99985991
0.99741867 20.29325296
1.00044876 20.59077803
1.00347885 20.89171789
1.00650894 21.19537673
1.00953903 21.50107991
1.01256912 21.80817341
1.01559921 22.11602304
1.01862930 22.42401336
1.02165939 22.73154636
1.02468948 23.03804004
1.02771957 23.34292664
1.03074966 23.64565075
1.03377975 23.94566717
1.03680984 24.24243851
1.03983993 24.53543240
1.04287002 24.82411840
1.04590011 25.10796432
1.04893020 25.38643187
1.05196029 25.65897132
1.05499038 25.92501493
1.05802047 26.18396855
1.06105056 26.43520056
1.06408065 26.67802729
1.06711075 26.91169300
1.07014084 27.13534227
1.07317093 27.34798136
1.07620102 27.54842385
1.07923111 27.73521452
1.08226120 27.90652515
1.08529129 28.06001964
1.08832138 28.19270022
1.09135147 28.30078694
1.09438156 28.37976254
1.09741165 28.42481558
1.10044174 28.43189101
1.10347183 28.39915531
1.10650192 28.32802132
1.10953201 28.22286352
1.11256210 28.08961087
1.11559219 27.93424568
1.11862228 27.76192059
1.12165237 27.57670487
1.12468246 27.38167626
1.12771255 27.17912426

1.12771255 27.17912426
1.13072131 27.17470947
1.13373006 27.16153909
1.13673882 27.13983023
1.13974757 27.10992887
1.14275632 27.07228879
1.14576508 27.02744651
1.14877383 26.97599534
1.15178258 26.91856114
1.15479134 26.85578156
1.15780009 26.78828944
1.16080885 26.71670064
1.16381760 26.64160585
1.16682635 26.56356567
1.16983511 26.48310826
1.17284386 26.40072892
1.17585262 26.31689088
1.17886137 26.23202692
1.18187012 26.14654144
1.18487888 26.06081268
1.18788763 25.97519501
1.19089639 25.89002102
1.19390514 25.80560355
1.19691389 25.72223745
1.19992265 25.64020111
1.20293140 25.55975784
1.20594015 25.48115696
1.20894891 25.40463480
1.21195766 25.33041541
1.21496642 25.25871119
1.21797517 25.18972337
1.22098392 25.12364236
1.22399268 25.06064799
1.22700143 25.00090968
1.23001019 24.94458649
1.23301894 24.89182720
1.23602769 24.84277020
1.23903645 24.79754352
1.24204520 24.75626464
1.24505396 24.71904041
1.24806271 24.68596696
1.25107146 24.65712946
1.25408022 24.63260211
1.25708897 24.61244789
1.26009772 24.59671854
1.26310648 24.58545440
1.26611523 24.57868435
1.26912399 24.57642573



0.00000000 0.02958706
0.00300875 0.52955788
0.00601751 1.05775268
0.00902626 1.58597772
0.01203502 2.11390408
0.01504377 2.64136811
0.01805252 3.16823393
0.02106128 3.69437382
0.02407003 4.21966335
0.02707879 4.74397975
0.03008754 5.26720138
0.03309629 5.78920741
0.03610505 6.30987781
0.03911380 6.82909324
0.04212255 7.34673516
0.04513131 7.86268579
0.04814006 8.37682817
0.05114882 8.88904624
0.05415757 9.39922487
0.05716632 9.90724993
0.06017508 10.41300836
0.06318383 10.91638821
0.06619259 11.41727874
0.06920134 11.91557048
0.07221009 12.41115526
0.07521885 12.90392634
0.07822760 13.39377845
0.08123636 13.88060788
0.08424511 14.36431251
0.08725386 14.84479195
0.09026262 15.32194755
0.09327137 15.79568254
0.09628012 16.26590203
0.09928888 16.73251314
0.10229763 17.19542506
0.10530639 17.65454912
0.10831514 18.10979886
0.11132389 18.56109008
0.11433265 19.00834096
0.11734140 19.45147210
0.12035016 19.89040657
0.12335891 20.32507001
0.12636766 20.75539066
0.12937642 21.18129944
0.13238517 21.60273000
0.13539393 22.01961877
0.13840268 22.43190503
0.14141143 22.83953092
0.14442019 23.24244152
0.14742894 23.64058487
0.15043769 24.03391202
0.15344645 24.42237702
0.15645520 24.80593701
0.15946396 25.18455220
0.16247271 25.55818586
0.16548146 25.92680441
0.16849022 26.29037735
0.17149897 26.64887730
0.17450773 27.00227997
0.17751648 27.35056417
0.18052523 27.69371179
0.18353399 28.03170775
0.18654274 28.36454002
0.18955150 28.69219952
0.19256025 29.01468014
0.19556900 29.33197867
0.19857776 29.64409473
0.20158651 29.95103073
0.20459527 30.25279182
0.20760402 30.54938578
0.21061277 30.84082298
0.21362153 31.12711630
0.21663028 31.40828102
0.21963903 31.68433476
0.22264779 31.95529735
0.22565654 32.22119078
0.22866530 32.48203907
0.23167405 32.73786816
0.23468280 32.98870584
0.23769156 33.23458159
0.24070031 33.39363027
0.24370907 33.29600586
0.24671782 33.20297137
0.24972657 33.11497634
0.25273533 33.03248330
0.25574408 32.95596261
0.25875284 32.88588568
0.26176159 32.82271692
0.26477034 32.76690421
0.26777910 32.71886830
0.27078785 32.67899157
0.27379660 32.64760661
0.27680536 32.62498536
0.27981411 32.61132966
0.28282287 32.60676377

0.28282287 32.60676377
0.28585296 32.60277202
0.28888305 32.59084583
0.29191314 32.57112970
0.29494323 32.54385579
0.29797332 32.50933207
0.30100341 32.46792786
0.30403350 32.42005803
0.30706359 32.36616756
0.31009368 32.30671727
0.31312377 32.24217163
0.31615386 32.17298884
0.31918395 32.09961325
0.32221404 32.02246997
0.32524413 31.94196129
0.32827422 31.85846469
0.33130431 31.77233188
0.33433440 31.68388880
0.33736449 31.59343615
0.34039458 31.50125033
0.34342467 31.40758451
0.34645476 31.31266992
0.34948486 31.21671705
0.35251495 31.11991685
0.35554504 31.02244183
0.35857513 30.92444708
0.36160522 30.82607117
0.36463531 30.72743689
0.36766540 30.62865193
0.37069549 30.52980943
0.37372558 30.43098843
0.37675567 30.33225423
0.37978576 30.23365863
0.38281585 30.13524018

0.38281585 30.13524018
0.38581564 30.32289700
0.38881543 30.57991755
0.39181522 30.83619242
0.39481501 31.08905464
0.39781480 31.30074742
0.40081459 31.15280160
0.40381438 30.91400977
0.40681417 30.66643238
0.40981396 30.41365766
0.41281374 30.15647101
0.41581353 29.89520459
0.41881332 29.63006325
0.42181311 29.36120411
0.42481290 29.08876266
0.42781269 28.81286289
0.43081248 28.58123965
0.43381227 28.48013380
0.43681206 28.37768276
0.43981185 28.27367921
0.44281164 28.16790389
0.44581143 28.06012607
0.44881122 27.95010420
0.45181101 27.83758660
0.45481080 27.72231231
0.45781059 27.60401199
0.46081038 27.48240905
0.46381017 27.35722077
0.46680996 27.22815957
0.46980975 27.09493441
0.47280953 26.95725222
0.47580932 26.81481946
0.47880911 26.66734364
0.48180890 26.51453500
0.48480869 26.35610807
0.48780848 26.19178334
0.49080827 26.02128880
0.49380806 25.84436144
0.49680785 25.66074876
0.49980764 25.47021001
0.50280743 25.27251746
0.50580722 25.06745746
0.50880701 24.85483135
0.51180680 24.63445626
0.51480659 24.40616568
0.51780638 24.16980990
0.52080617 23.92525636
0.52380596 23.67238971
0.52680575 23.41111186
0.52980554 23.14134181
0.53280532 22.86301545
0.53580511 22.57608518
0.53880490 22.28051950
0.54180469 21.97630252
0.54480448 21.66343340
0.54780427 21.34192580
0.55080406 21.01180723
0.55380385 20.67311847
0.55680364 20.32591292
0.55980343 19.97025600
0.56280322 19.60622454
0.56580301 19.23390620
0.56880280 18.85339889
0.57180259 18.46481024
0.57480238 18.06825712
0.57780217 17.66386511
0.58080196 17.25176807
0.58380175 16.83210774
0.58680154 16.40503330
0.58980133 15.97070103
0.59280111 15.52927393
0.59580090 15.08092144
0.59880069 14.62581913
0.60180048 14.16414835
0.60480027 13.69609607
0.60780006 13.22185453
0.61079985 12.74162106
0.61379964 12.25559782
0.61679943 11.76399160
0.61979922 11.26701360
0.62279901 10.76487923
0.62579880 10.25780790
0.62879859 9.74602284
0.63179838 9.22975091
0.63479817 8.70922241
0.63779796 8.18467087
0.64079775 7.65633292
0.64379754 7.12444808
0.64679733 6.58925858
0.64979712 6.05100920
0.65279690 5.50994710
0.65579669 4.96632171
0.65879648 4.42038456
0.66179627 3.87238928
0.66479606 3.32259169
0.66779585 2.77125021
0.67079564 2.21862723
0.67379543 1.66499365
0.67679522 1.11064738
0.67979501 0.55604418
0.68279480 0.02958706

0.68279480 0.02958706
0.68581865 0.56963002
0.68884250 1.13793656
0.69186635 1.70615852
0.69489020 2.27393384
0.69791405 2.84105428
0.70093790 3.40733761
0.70396174 3.97260943
0.70698559 4.53669863
0.71000944 5.09943598
0.71303329 5.66065366
0.71605714 6.22018501
0.71908099 6.77786450
0.72210484 7.33352778
0.72512869 7.88701166
0.72815254 8.43815423
0.73117639 8.98679491
0.73420024 9.53277449
0.73722409 10.07593523
0.74024793 10.61612095
0.74327178 11.15317705
0.74629563 11.68695061
0.74931948 12.21729043
0.75234333 12.74404712
0.75536718 13.26707311
0.75839103 13.78622274
0.76141488 14.30135227
0.76443873 14.81231992
0.76746258 15.31898592
0.77048643 15.82121249
0.77351028 16.31886389
0.77653413 16.81180638
0.77955797 17.29990822
0.78258182 17.78303965
0.78560567 18.26107286
0.78862952 18.73388189
0.79165337 19.20134261
0.79467722 19.66333257
0.79770107 20.11973093
0.80072492 20.57041830
0.80374877 21.01527656
0.80677262 21.45418868
0.80979647 21.88703849
0.81282032 22.31371037
0.81584417 22.73408900
0.81886801 23.14805893
0.82189186 23.55550418
0.82491571 23.95630780
0.82793956 24.35035125
0.83096341 24.73751381
0.83398726 25.11767184
0.83701111 25.49069796
0.84003496 25.85646008
0.84305881 26.21482037
0.84608266 26.56563397
0.84910651 26.90874762
0.85213036 27.24399806
0.85515421 27.57121024
0.85817805 27.89019521
0.86120190 28.20074790
0.86422575 28.50264444
0.86724960 28.79563929
0.87027345 29.07946205
0.87329730 29.35381388
0.87632115 29.61836378
0.87934500 29.87274449
0.88236885 30.11654843
0.88539270 30.34932359
0.88841655 30.57056989
0.89144040 30.77973610
0.89446425 30.97621819
0.89748809 31.15935950
0.90051194 31.32845371
0.90353579 31.48275149
0.90655964 31.62147194
0.90958349 31.74381933
0.91260734 31.84900587
0.91563119 31.93628003
0.91865504 32.00495919
0.92167889 32.05446428
0.92470274 32.08435298
0.92772659 32.09434747

0.92772659 32.09434747
0.93075668 32.09326318
0.93378677 32.09001917
0.93681686 32.08464189
0.93984695 32.07717478
0.94287704 32.06767742
0.94590713 32.05622434
0.94893722 32.04290360
0.95196731 32.02781516
0.95499740 32.01106912
0.95802749 31.99278388
0.96105758 31.97308433
0.96408767 31.95210001
0.96711776 31.92996336
0.97014785 31.90680812
0.97317794 31.88276778
0.97620803 31.85797429
0.97923812 31.83255679
0.98226821 31.80664061
0.98529830 31.78034638
0.98832839 31.75378926
0.99135849 31.72707833
0.99438858 31.70031613
0.99741867 31.67359824
1.00044876 31.64701301
1.00347885 31.62064133
1.00650894 31.59455652
1.00953903 31.56882421
1.01256912 31.54350232
1.01559921 31.51864101
1.01862930 31.49428273
1.02165939 31.47046220
1.02468948 31.44720644
1.02771957 31.42453482
1.03074966 31.40245901
1.03377975 31.38098302
1.03680984 31.36010315
1.03983993 31.33980792
1.04287002 31.32007801
1.04590011 31.30088606
1.04893020 31.28219659
1.05196029 31.26396572
1.05499038 31.24614091
1.05802047 31.22866073
1.06105056 31.21145442
1.06408065 31.19444154
1.06711075 31.17753160
1.07014084 31.16062351
1.07317093 31.14360526
1.07620102 31.12635339
1.07923111 31.10873268
1.08226120 31.09059587
1.08529129 31.07178355
1.08832138 30.94077480
1.09135147 30.79270985
1.09438156 30.66288465
1.09741165 30.55614916
1.10044174 30.47664864
1.10347183 30.42636190
1.10650192 30.40407875
1.10953201 30.40568517
1.11256210 30.42556926
1.11559219 30.45811915
1.11862228 30.49860134
1.12165237 30.54340792
1.12468246 30.58995742
1.12771255 30.63648335

1.12771255 30.63648335
1.13072131 30.64017635
1.13373006 30.65118469
1.13673882 30.66930145
1.13974757 30.69419748
1.14275632 30.72544250
1.14576508 30.76252999
1.14877383 30.80490299
1.15178258 30.85197817
1.15479134 30.90316641
1.15780009 30.95788909
1.16080885 31.01559004
1.16381760 31.07574342
1.16682635 31.13785830
1.16983511 31.20148068
1.17284386 31.26619351
1.17585262 31.33161551
1.17886137 31.39739916
1.18187012 31.46322816
1.18487888 31.52881478
1.18788763 31.59389714
1.19089639 31.65823660
1.19390514 31.72161533
1.19691389 31.78383402
1.19992265 31.84470990
1.20293140 31.90407494
1.20594015 31.96177420
1.20894891 32.01766454
1.21195766 32.07161333
1.21496642 32.12349750
1.21797517 32.17320263
1.22098392 32.22062227
1.22399268 32.26565731
1.22700143 32.30821550
1.23001019 32.34821113
1.23301894 32.38556467
1.23602769 32.42020260
1.23903645 32.45205728
1.24204520 32.48106682
1.24505396 32.50717507
1.24806271 32.53033160
1.25107146 32.55049176
1.25408022 32.56761665
1.25708897 32.58167325
1.26009772 32.59263442
1.26310648 32.60047899
1.26611523 32.60519181
1.26912399 32.60676377



0.00000000 40.00965159
0.00300875 40.00840268
0.00601751 40.00465596
0.00902626 39.99841153
0.01203502 39.98966957
0.01504377 39.97843033
0.01805252 39.96469417
0.02106128 39.94846157
0.02407003 39.92973316
0.02707879 39.90850978
0.03008754 39.88479245
0.03309629 39.85858248
0.03610505 39.82988148
0.03911380 39.79869140
0.04212255 39.76501460
0.04513131 39.72885391
0.04814006 39.69021265
0.05114882 39.64909474
0.05415757 39.60550472
0.05716632 39.55944786
0.06017508 39.51093016
0.06318383 39.45995848
0.06619259 39.40654059
0.06920134 39.35068522
0.07221009 39.29240214
0.07521885 39.23170227
0.07822760 39.16859768
0.08123636 39.10310172
0.08424511 39.03522906
0.08725386 38.96499577
0.09026262 38.89241940
0.09327137 38.81751903
0.09628012 38.74031535
0.09928888 38.66083075
0.10229763 38.57908933
0.10530639 38.49511704
0.10831514 38.40894169
0.11132389 38.32059306
0.11433265 38.23010294
0.11734140 38.13750522
0.12035016 38.04283596
0.12335891 37.94613342
0.12636766 37.84743823
0.12937642 37.74679336
0.13238517 37.64424429
0.13539393 37.53983904
0.13840268 37.43362831
0.14141143 37.32566555
0.14442019 37.21600709
0.14742894 37.10471226
0.15043769 36.99184350
0.15344645 36.87746658
0.15645520 36.76165067
0.15946396 36.64446860
0.16247271 36.52599703
0.16548146 36.40631672
0.16849022 36.28551275
0.17149897 36.16367482
0.17450773 36.04089761
0.17751648 35.91728111
0.18052523 35.79293106
0.18353399 35.66795941
0.18654274 35.54248482
0.18955150 35.41663324
0.19256025 35.29053856
0.19556900 35.16434331
0.19857776 35.03819944
0.20158651 34.91226916
0.20459527 34.78672591
0.20760402 34.66175531
0.21061277 34.53755631
0.21362153 34.41434229
0.21663028 34.29234226
0.21963903 34.17180213
0.22264779 34.05298590
0.22565654 33.93617690
0.22866530 33.82167886
0.23167405 33.70981688
0.23468280 33.60093810
0.23769156 33.49541201
0.24070031 33.39363027
0.24370907 33.29600586
0.24671782 33.20297137
0.24972657 33.11497634
0.25273533 33.03248330
0.25574408 32.95596261
0.25875284 32.88588568
0.26176159 32.82271692
0.26477034 32.76690421
0.26777910 32.71886830
0.27078785 32.67899157
0.27379660 32.64760661
0.27680536 32.62498536
0.27981411 32.61132966
0.28282287 32.60676377

0.28282287 32.60676377
0.28585296 32.60757051
0.28888305 32.60999128
0.29191314 32.61402770
0.29494323 32.61968244
0.29797332 32.62695919
0.30100341 32.63586267
0.30403350 32.64639852
0.30706359 32.65857326
0.31009368 32.67239426
0.31312377 32.68786960
0.31615386 32.70500804
0.31918395 32.72381889
0.32221404 32.74431191
0.32524413 32.76649723
0.32827422 32.79038519
0.33130431 32.81598627
0.33433440 32.84331089
0.33736449 32.87236935
0.34039458 32.90317165
0.34342467 32.93572737
0.34645476 32.97004554
0.34948486 33.00613444
0.35251495 33.04400154
0.35554504 33.08365328
0.35857513 33.12509501
0.36160522 33.16833077
0.36463531 33.21336320
0.36766540 33.26019341
0.37069549 33.30882084
0.37372558 33.17502099
0.37675567 32.97079672
0.37978576 32.76130216
0.38281585 32.54669312

0.38281585 32.54669312
0.38581564 32.32938582
0.38881543 32.10755356
0.39181522 31.88183091
0.39481501 31.65465986
0.39781480 31.46358493
0.40081459 31.62687564
0.40381438 31.87555222
0.40681417 32.12737932
0.40981396 32.37860591
0.41281374 32.62829565
0.41581353 32.87597701
0.41881332 33.12131711
0.42181311 33.36404183
0.42481290 33.60390945
0.42781269 33.84070016
0.43081248 34.07421120
0.43381227 34.30425435
0.43681206 34.53065454
0.43981185 34.75324889
0.44281164 34.95804964
0.44581143 35.04377608
0.44881122 35.13046659
0.45181101 35.21806055
0.45481080 35.30649571
0.45781059 35.39570834
0.46081038 35.48563338
0.46381017 35.57620449
0.46680996 35.66735427
0.46980975 35.75901433
0.47280953 35.85111546
0.47580932 35.94358773
0.47880911 36.03636069
0.48180890 36.12936344
0.48480869 36.22252482
0.48780848 36.31577351
0.49080827 36.40903819
0.49380806 36.50224766
0.49680785 36.59533098
0.49980764 36.68821758
0.50280743 36.78083741
0.50580722 36.87312104
0.50880701 36.96499980
0.51180680 37.05640586
0.51480659 37.14727235
0.51780638 37.23753348
0.52080617 37.32712461
0.52380596 37.41598236
0.52680575 37.50404468
0.52980554 37.59125093
0.53280532 37.67754197
0.53580511 37.76286021
0.53880490 37.84714967
0.54180469 37.93035603
0.54480448 38.01242669
0.54780427 38.09331079
0.55080406 38.17295928
0.55380385 38.25132489
0.55680364 38.32836221
0.55980343 38.40402766
0.56280322 38.47827952
0.56580301 38.55107792
0.56880280 38.62238486
0.57180259 38.69216416
0.57480238 38.76038148
0.57780217 38.81353299
0.58080196 38.86445682
0.58380175 38.91568451
0.58680154 38.96707840
0.58980133 39.01850152
0.59280111 39.06981801
0.59580090 39.12089349
0.59880069 39.17159549
0.60180048 39.22179374
0.60480027 39.27136050
0.60780006 39.32017085
0.61079985 39.36810296
0.61379964 39.41503831
0.61679943 39.46086192
0.61979922 39.50546254
0.62279901 39.54873286
0.62579880 39.59056964
0.62879859 39.63087387
0.63179838 39.66955093
0.63479817 39.70651071
0.63779796 39.74166769
0.64079775 39.77494109
0.64379754 39.80625494
0.64679733 39.83553817
0.64979712 39.86272470
0.65279690 39.88775347
0.65579669 39.91056857
0.65879648 39.93111922
0.66179627 39.94935988
0.66479606 39.96525026
0.66779585 39.97875537
0.67079564 39.98984554
0.67379543 39.99849648
0.67679522 40.00468925
0.67979501 40.00841033
0.68279480 40.00965159

0.68279480 40.00965159
0.68581865 40.00856524
0.68884250 40.00530725
0.69186635 39.99988084
0.69489020 39.99229137
0.69791405 39.98254636
0.70093790 39.97065548
0.70396174 39.95663063
0.70698559 39.94048586
0.71000944 39.92223748
0.71303329 39.90190403
0.71605714 39.87950633
0.71908099 39.85506751
0.72210484 39.82861303
0.72512869 39.80017069
0.72815254 39.76977072
0.73117639 39.73744574
0.73420024 39.70323086
0.73722409 39.66716365
0.74024793 39.62928420
0.74327178 39.58963515
0.74629563 39.54826172
0.74931948 39.50521169
0.75234333 39.46053547
0.75536718 39.41428608
0.75839103 39.36651917
0.76141488 39.31729302
0.76443873 39.26666856
0.76746258 39.21470932
0.77048643 39.16148145
0.77351028 39.10705366
0.77653413 39.05149724
0.77955797 38.99488598
0.78258182 38.93729611
0.78560567 38.87880630
0.78862952 38.81949753
0.79165337 38.75945304
0.79467722 38.69875825
0.79770107 38.63750064
0.80072492 38.57576966
0.80374877 38.51365659
0.80677262 38.45125445
0.80979647 38.38865780
0.81282032 38.32596264
0.81584417 38.26326624
0.81886801 38.20066695
0.82189186 38.13826404
0.82491571 38.07615751
0.82793956 38.01444790
0.83096341 37.95323606
0.83398726 37.89262297
0.83701111 37.83270954
0.84003496 37.77359633
0.84305881 37.71538338
0.84608266 37.65816997
0.84910651 37.60205438
0.85213036 37.54713368
0.85515421 37.49350348
0.85817805 37.44125769
0.86120190 37.39048835
0.86422575 37.34128535
0.86724960 37.29373623
0.87027345 37.24792598
0.87329730 37.20393680
0.87632115 37.16184794
0.87934500 37.12173549
0.88236885 37.08367216
0.88539270 37.04772717
0.88841655 37.01396604
0.89144040 36.98245045
0.89446425 36.95323809
0.89748809 36.92638252
0.90051194 36.90193305
0.90353579 36.87993466
0.90655964 36.86042783
0.90958349 36.84344850
0.91260734 36.82902798
0.91563119 36.81719289
0.91865504 36.80796507
0.92167889 36.80136157
0.92470274 36.79739458
0.92772659 36.79607143

0.92772659 36.79607143
0.93075668 36.79433431
0.93378677 36.78912086
0.93681686 36.78042467
0.93984695 36.76823471
0.94287704 36.75253465
0.94590713 36.73330209
0.94893722 36.71050738
0.95196731 36.68411236
0.95499740 36.65406868
0.95802749 36.62031602
0.96105758 36.58278004
0.96408767 36.54137033
0.96711776 36.49597832
0.97014785 36.44647542
0.97317794 36.39271178
0.97620803 36.33451585
0.97923812 36.27169540
0.98226821 36.20404033
0.98529830 36.13132784
0.98832839 36.05333012
0.99135849 35.96982459
0.99438858 35.88060587
0.99741867 35.78549872
1.00044876 35.68437000
1.00347885 35.57713837
1.00650894 35.46378012
1.00953903 35.34433057
1.01256912 35.21888122
1.01559921 35.08757343
1.01862930 34.95059007
1.02165939 34.80814640
1.02468948 34.66048148
1.02771957 34.50785076
1.03074966 34.35052036
1.03377975 34.18876308
1.03680984 34.02285620
1.03983993 33.85308072
1.04287002 33.67972209
1.04590011 33.50307219
1.04893020 33.32343267
1.05196029 33.14111963
1.05499038 32.95647009
1.05802047 32.76985063
1.06105056 32.58166891
1.06408065 32.39238932
1.06711075 32.20255432
1.07014084 32.01281395
1.07317093 31.82396684
1.07620102 31.63701764
1.07923111 31.45325669
1.08226120 31.27436836
1.08529129 31.10257080
1.08832138 31.05212432
1.09135147 31.03143533
1.09438156 31.00952333
1.09741165 30.98618653
1.10044174 30.96121738
1.10347183 30.93440694
1.10650192 30.90555105
1.10953201 30.87445921
1.11256210 30.84096716
1.11559219 30.80495432
1.11862228 30.76636826
1.12165237 30.72525874
1.12468246 30.68182523
1.12771255 30.63648335

1.12771255 30.63648335
1.13072131 30.64017635
1.13373006 30.65118469
1.13673882 30.66930145
1.13974757 30.69419748
1.14275632 30.72544250
1.14576508 30.76252999
1.14877383 30.80490299
1.15178258 30.85197817
1.15479134 30.90316641
1.15780009 30.95788909
1.16080885 31.01559004
1.16381760 31.07574342
1.16682635 31.13785830
1.16983511 31.20148068
1.17284386 31.26619351
1.17585262 31.33161551
1.17886137 31.39739916
1.18187012 31.46322816
1.18487888 31.52881478
1.18788763 31.59389714
1.19089639 31.65823660
1.19390514 31.72161533
1.19691389 31.78383402
1.19992265 31.84470990
1.20293140 31.90407494
1.20594015 31.96177420
1.20894891 32.01766454
1.21195766 32.07161333
1.21496642 32.12349750
1.21797517 32.17320263
1.22098392 32.22062227
1.22399268 32.26565731
1.22700143 32.30821550
1.23001019 32.34821113
1.23301894 32.38556467
1.23602769 32.42020260
1.23903645 32.45205728
1.24204520 32.48106682
1.24505396 32.50717507
1.24806271 32.53033160
1.25107146 32.55049176
1.25408022 32.56761665
1.25708897 32.58167325
1.26009772 32.59263442
1.26310648 32.60047899
1.26611523 32.60519181
1.26912399 32.60676377



0.00000000 40.00965159
0.00300875 40.00840268
0.00601751 40.00465596
0.00902626 39.99841153
0.01203502 39.98966957
0.01504377 39.97843033
0.01805252 39.96469417
0.02106128 39.94846157
0.02407003 39.92973316
0.02707879 39.90850978
0.03008754 39.88479245
0.03309629 39.85858248
0.03610505 39.82988148
0.03911380 39.79869140
0.04212255 39.76501460
0.04513131 39.72885391
0.04814006 39.69021265
0.05114882 39.64909474
0.05415757 39.60550472
0.05716632 39.55944786
0.06017508 39.51093016
0.06318383 39.45995848
0.06619259 39.40654059
0.06920134 39.35068522
0.07221009 39.29240214
0.07521885 39.23170227
0.07822760 39.16859768
0.08123636 39.10310172
0.08424511 39.03522906
0.08725386 38.96499577
0.09026262 38.89241940
0.09327137 38.81751903
0.09628012 38.74031535
0.09928888 38.66083075
0.10229763 38.57908933
0.10530639 38.49511704
0.10831514 38.40894169
0.11132389 38.32059306
0.11433265 38.23010294
0.11734140 38.13750522
0.12035016 38.04283596
0.12335891 37.94613343
0.12636766 37.84743823
0.12937642 37.74679336
0.13238517 37.64424429
0.13539393 37.53983904
0.13840268 37.43362831
0.14141143 37.32566555
0.14442019 37.21600709
0.14742894 37.10471226
0.15043769 36.99184350
0.15344645 36.87746658
0.15645520 36.76165067
0.15946396 36.64446860
0.16247271 36.52599703
0.16548146 36.40631672
0.16849022 36.28551275
0.17149897 36.16367482
0.17450773 36.04089761
0.17751648 35.91728111
0.18052523 35.79293106
0.18353399 35.66795941
0.18654274 35.54248482
0.18955150 35.41663324
0.19256025 35.29053856
0.19556900 35.16434331
0.19857776 35.03819944
0.20158651 34.91226916
0.20459527 34.78672591
0.20760402 34.66175531
0.21061277 34.53755631
0.21362153 34.41434229
0.21663028 34.29234226
0.21963903 34.17180213
0.22264779 34.05298590
0.22565654 33.93617690
0.22866530 33.82167886
0.23167405 33.70981688
0.23468280 33.60093810
0.23769156 33.49541201
0.24070031 33.47552650
0.24370907 33.71157316
0.24671782 33.94275554
0.24972657 34.16910886
0.25273533 34.39066950
0.25574408 34.60747488
0.25875284 34.81956332
0.26176159 35.02697398
0.26477034 35.22974668
0.26777910 35.42792188
0.27078785 35.62154048
0.27379660 35.81064381
0.27680536 35.99527345
0.27981411 36.17547121
0.28282287 36.35127898

0.28282287 36.35127898
0.28585296 36.34757129
0.28888305 36.33645074
0.29191314 36.31792486
0.29494323 36.29200617
0.29797332 36.25871220
0.30100341 36.21806541
0.30403350 36.17009317
0.30706359 36.11482770
0.31009368 36.05230605
0.31312377 35.98256998
0.31615386 35.90566592
0.31918395 35.82164485
0.32221404 35.73056227
0.32524413 35.63247805
0.32827422 35.52745635
0.33130431 35.41556548
0.33433440 35.29687782
0.33736449 35.17146970
0.34039458 35.03942123
0.34342467 34.90081622
0.34645476 34.75574203
0.34948486 34.60428948
0.35251495 34.44655269
0.35554504 34.28262903
0.35857513 34.11261902
0.36160522 33.93662633
0.36463531 33.75475786
0.36766540 33.56712389
0.37069549 33.37383860
0.37372558 33.35924313
0.37675567 33.41145603
0.37978576 33.46545325
0.38281585 33.52122642

0.38281585 33.52122642
0.38581564 33.57818085
0.38881543 33.63685300
0.39181522 33.69722810
0.39481501 33.75928903
0.39781480 33.82301628
0.40081459 33.88838791
0.40381438 33.95537951
0.40681417 34.02396414
0.40981396 34.09411240
0.41281374 34.16579233
0.41581353 34.23896948
0.41881332 34.31360691
0.42181311 34.38966521
0.42481290 34.46710252
0.42781269 34.54587463
0.43081248 34.62593497
0.43381227 34.70723471
0.43681206 34.78972283
0.43981185 34.87334619
0.44281164 34.97188614
0.44581143 35.18642615
0.44881122 35.39673957
0.45181101 35.60270747
0.45481080 35.80422108
0.45781059 36.00118156
0.46081038 36.19349969
0.46381017 36.38109571
0.46680996 36.56389905
0.46980975 36.74184812
0.47280953 36.91489011
0.47580932 37.08298077
0.47880911 37.24608421
0.48180890 37.40417269
0.48480869 37.55722645
0.48780848 37.70523348
0.49080827 37.84818933
0.49380806 37.96470065
0.49680785 37.96874237
0.49980764 37.97455877
0.50280743 37.98225218
0.50580722 37.99191206
0.50880701 38.00361437
0.51180680 38.01742114
0.51480659 38.03338016
0.51780638 38.05152486
0.52080617 38.07187430
0.52380596 38.09443337
0.52680575 38.11919307
0.52980554 38.14613093
0.53280532 38.17521157
0.53580511 38.20638731
0.53880490 38.23959886
0.54180469 38.27477612
0.54480448 38.31183892
0.54780427 38.35069793
0.55080406 38.39125547
0.55380385 38.43340635
0.55680364 38.47703876
0.55980343 38.52203507
0.56280322 38.56827265
0.56580301 38.61562466
0.56880280 38.66396076
0.57180259 38.71314788
0.57480238 38.76305084
0.57780217 38.82700429
0.58080196 38.89200183
0.58380175 38.95534511
0.58680154 39.01700685
0.58980133 39.07696143
0.59280111 39.13518491
0.59580090 39.19165489
0.59880069 39.24635055
0.60180048 39.29925253
0.60480027 39.35034294
0.60780006 39.39960522
0.61079985 39.44702416
0.61379964 39.49258581
0.61679943 39.53627740
0.61979922 39.57808729
0.62279901 39.61800492
0.62579880 39.65602074
0.62879859 39.69212614
0.63179838 39.72631338
0.63479817 39.75857556
0.63779796 39.78890653
0.64079775 39.81730084
0.64379754 39.84375368
0.64679733 39.86826085
0.64979712 39.89081867
0.65279690 39.91142394
0.65579669 39.93007392
0.65879648 39.94676627
0.66179627 39.96149899
0.66479606 39.97427041
0.66779585 39.98507916
0.67079564 39.99392412
0.67379543 40.00080441
0.67679522 40.00571936
0.67979501 40.00866851
0.68279480 40.00965159

0.68279480 40.00965159
0.68581865 40.00856524
0.68884250 40.00530725
0.69186635 39.99988084
0.69489020 39.99229137
0.69791405 39.98254636
0.70093790 39.97065548
0.70396174 39.95663063
0.70698559 39.94048586
0.71000944 39.92223748
0.71303329 39.90190403
0.71605714 39.87950633
0.71908099 39.85506751
0.72210484 39.82861303
0.72512869 39.80017069
0.72815254 39.76977072
0.73117639 39.73744574
0.73420024 39.70323086
0.73722409 39.66716365
0.74024793 39.62928420
0.74327178 39.58963515
0.74629563 39.54826172
0.74931948 39.50521169
0.75234333 39.46053547
0.75536718 39.41428608
0.75839103 39.36651917
0.76141488 39.31729302
0.76443873 39.26666856
0.76746258 39.21470932
0.77048643 39.16148145
0.77351028 39.10705366
0.77653413 39.05149724
0.77955797 38.99488598
0.78258182 38.93729611
0.78560567 38.87880630
0.78862952 38.81949753
0.79165337 38.75945304
0.79467722 38.69875825
0.79770107 38.63750064
0.80072492 38.57576966
0.80374877 38.51365659
0.80677262 38.45125445
0.80979647 38.38865780
0.81282032 38.32596264
0.81584417 38.26326624
0.81886801 38.20066695
0.82189186 38.13826404
0.82491571 38.07615751
0.82793956 38.01444790
0.83096341 37.95323606
0.83398726 37.89262297
0.83701111 37.83270954
0.84003496 37.77359633
0.84305881 37.71538338
0.84608266 37.65816997
0.84910651 37.60205438
0.85213036 37.54713368
0.85515421 37.49350348
0.85817805 37.44125769
0.86120190 37.39048835
0.86422575 37.34128535
0.86724960 37.29373623
0.87027345 37.24792598
0.87329730 37.20393680
0.87632115 37.16184794
0.87934500 37.12173549
0.88236885 37.08367216
0.88539270 37.04772717
0.88841655 37.01396604
0.89144040 36.98245045
0.89446425 36.95323809
0.89748809 36.92638252
0.90051194 36.90193305
0.90353579 36.87993466
0.90655964 36.86042783
0.90958349 36.84344850
0.91260734 36.82902798
0.91563119 36.81719289
0.91865504 36.80796507
0.92167889 36.80136157
0.92470274 36.79739458
0.92772659 36.79607143

0.92772659 36.79607143
0.93075668 36.79727003
0.93378677 36.80085438
0.93681686 36.80679039
0.93984695 36.81502186
0.94287704 36.82547138
0.94590713 36.83804157
0.94893722 36.85261657
0.95196731 36.86906370
0.95499740 36.88723529
0.95802749 36.90697063
0.96105758 36.92809789
0.96408767 36.95043603
0.96711776 36.97379668
0.97014785 36.99798592
0.97317794 37.02280588
0.97620803 37.04805630
0.97923812 37.07353586
0.98226821 37.09904340
0.98529830 37.12437905
0.98832839 37.14934511
0.99135849 37.07883173
0.99438858 37.00101038
0.99741867 36.92316659
1.00044876 36.84567759
1.00347885 36.76887814
1.00650894 36.69305465
1.00953903 36.61844374
1.01256912 36.54523526
1.01559921 36.47357866
1.01862930 36.40359161
1.02165939 36.33536938
1.02468948 36.26899391
1.02771957 36.20454171
1.03074966 36.14209037
1.03377975 36.08172342
1.03680984 36.02353378
1.03983993 35.96762597
1.04287002 35.91411736
1.04590011 35.86313867
1.04893020 35.81483381
1.05196029 35.76935941
1.05499038 35.72688385
1.05802047 35.68758607
1.06105056 35.65165395
1.06408065 35.61928251
1.06711075 35.59067152
1.07014084 35.56602291
1.07317093 35.54553747
1.07620102 35.52941119
1.07923111 35.51783094
1.08226120 35.51096969
1.08529129 35.50898112
1.08832138 35.51199392
1.09135147 35.52010590
1.09438156 35.53337801
1.09741165 35.55182886
1.10044174 35.57542978
1.10347183 35.60410105
1.10650192 35.63770944
1.10953201 35.67606749
1.11256210 35.71893458
1.11559219 35.76601995
1.11862228 35.81698736
1.12165237 35.87146142
1.12468246 35.92903490
1.12771255 35.98927688

1.12771255 35.98927688
1.13072131 35.98971636
1.13373006 35.99103239
1.13673882 35.99321788
1.13974757 35.99626101
1.14275632 36.00014536
1.14576508 36.00485002
1.14877383 36.01034971
1.15178258 36.01661499
1.15479134 36.02361243
1.15780009 36.03130484
1.16080885 36.03965155
1.16381760 36.04860865
1.16682635 36.05812931
1.16983511 36.06816412
1.17284386 36.07866134
1.17585262 36.08956736
1.17886137 36.10082695
1.18187012 36.11238367
1.18487888 36.12418024
1.18788763 36.13615886
1.19089639 36.14826162
1.19390514 36.16043081
1.19691389 36.17260927
1.19992265 36.18474070
1.20293140 36.19677000
1.20594015 36.20864352
1.20894891 36.22030930
1.21195766 36.23171738
1.21496642 36.24281991
1.21797517 36.25357140
1.22098392 36.26392882
1.22399268 36.27385173
1.22700143 36.28330237
1.23001019 36.29224570
1.23301894 36.30064945
1.23602769 36.30848409
1.23903645 36.31572282
1.24204520 36.32234157
1.24505396 36.32831885
1.24806271 36.33363578
1.25107146 36.33827595
1.25408022 36.34222535
1.25708897 36.34547228
1.26009772 36.34800733
1.26310648 36.34982321
1.26611523 36.35091478
1.26912399 36.35127898



0.00000000 40.00965159
0.00300875 40.01023343
0.00601751 40.01197612
0.00902626 40.01487117
0.01203502 40.01890446
0.01504377 40.02405631
0.01805252 40.03030153
0.02106128 40.03760953
0.02407003 40.04594443
0.02707879 40.05526517
0.03008754 40.06552570
0.03309629 40.07667510
0.03610505 40.08865780
0.03911380 40.10141374
0.04212255 40.11487861
0.04513131 40.12898408
0.04814006 40.14365799
0.05114882 40.15882462
0.05415757 40.17440496
0.05716632 40.19031694
0.06017508 40.20647568
0.06318383 40.22279383
0.06619259 40.23918173
0.06920134 40.25554779
0.07221009 40.27179869
0.07521885 40.28783967
0.07822760 40.30357481
0.08123636 40.31890727
0.08424511 40.33373957
0.08725386 40.34797382
0.09026262 40.36151197
0.09327137 40.37425606
0.09628012 40.38610843
0.09928888 40.39697192
0.10229763 40.40675013
0.10530639 40.41534753
0.10831514 40.42266972
0.11132389 40.42862356
0.11433265 40.43311731
0.11734140 40.43606082
0.12035016 40.43736559
0.12335891 40.43694497
0.12636766 40.43471417
0.12937642 40.43059043
0.13238517 40.42449301
0.13539393 40.41634332
0.13840268 40.40606493
0.14141143 40.39358362
0.14442019 40.37882736
0.14742894 40.36172636
0.15043769 40.34221306
0.15344645 40.32022209
0.15645520 40.29569026
0.15946396 40.26855651
0.16247271 40.23876187
0.16548146 40.20624941
0.16849022 40.17096415
0.17149897 40.13285302
0.17450773 40.09186472
0.17751648 40.04794972
0.18052523 40.00106009
0.18353399 39.95114944
0.18654274 39.89817280
0.18955150 39.84208654
0.19256025 39.78284822
0.19556900 39.72041654
0.19857776 39.65475118
0.20158651 39.58581269
0.20459527 39.51356242
0.20760402 39.43796238
0.21061277 39.35897513
0.21362153 39.27656370
0.21663028 39.19069146
0.21963903 39.10132207
0.22264779 39.00841932
0.22565654 38.91194709
0.22866530 38.81186928
0.23167405 38.70814968
0.23468280 38.60075195
0.23769156 38.48963955
0.24070031 38.37477566
0.24370907 38.25612316
0.24671782 38.13364458
0.24972657 38.00730206
0.25273533 37.87705735
0.25574408 37.74287176
0.25875284 37.60470620
0.26176159 37.46252115
0.26477034 37.31627665
0.26777910 37.16593237
0.27078785 37.01144762
0.27379660 36.85278135
0.27680536 36.68989223
0.27981411 36.52273869
0.28282287 36.35127898

0.28282287 36.35127898
0.28585296 36.35424387
0.28888305 36.36309015
0.29191314 36.37767526
0.29494323 36.39777027
0.29797332 36.42307166
0.30100341 36.45321578
0.30403350 36.48779455
0.30706359 36.52637088
0.31009368 36.56849276
0.31312377 36.61370549
0.31615386 36.66156137
0.31918395 36.71162724
0.32221404 36.76348971
0.32524413 36.81675857
0.32827422 36.87106873
0.33130431 36.92608092
0.33433440 36.98148156
0.33736449 37.03698208
0.34039458 37.09231780
0.34342467 37.14724664
0.34645476 37.20154766
0.34948486 37.25501968
0.35251495 37.30747987
0.35554504 37.35876244
0.35857513 37.40871744
0.36160522 37.45720967
0.36463531 37.50411770
0.36766540 37.54933303
0.37069549 37.59275931
0.37372558 37.63431175
0.37675567 37.67391652
0.37978576 37.71151036
0.38281585 37.74704016

0.38281585 37.74704016
0.38581564 37.78013901
0.38881543 37.81113989
0.39181522 37.84001927
0.39481501 37.86676263
0.39781480 37.89136436
0.40081459 37.91382777
0.40381438 37.93416501
0.40681417 37.95239718
0.40981396 37.96855427
0.41281374 37.98267527
0.41581353 37.99480818
0.41881332 38.00501005
0.42181311 38.01334700
0.42481290 38.01989425
0.42781269 38.02473603
0.43081248 38.02796558
0.43381227 38.02968500
0.43681206 38.03000508
0.43981185 38.02904508
0.44281164 38.02693240
0.44581143 38.02380221
0.44881122 38.01979697
0.45181101 38.01506587
0.45481080 38.00976413
0.45781059 38.00405227
0.46081038 37.99809522
0.46381017 37.99206140
0.46680996 37.98612160
0.46980975 37.98044789
0.47280953 37.97521239
0.47580932 37.97058599
0.47880911 37.96673704
0.48180890 37.96383004
0.48480869 37.96202423
0.48780848 37.96147232
0.49080827 37.96231918
0.49380806 37.98609695
0.49680785 38.11896644
0.49980764 38.24681495
0.50280743 38.36966638
0.50580722 38.48755130
0.50880701 38.60050668
0.51180680 38.70857577
0.51480659 38.81180787
0.51780638 38.91025815
0.52080617 39.00398749
0.52380596 39.09306226
0.52680575 39.17755417
0.52980554 39.25754004
0.53280532 39.33310162
0.53580511 39.40432543
0.53880490 39.47130252
0.54180469 39.53412831
0.54480448 39.59290235
0.54780427 39.64772814
0.55080406 39.69871293
0.55380385 39.74596749
0.55680364 39.78960590
0.55980343 39.82974533
0.56280322 39.86650580
0.56580301 39.90000998
0.56880280 39.93038292
0.57180259 39.95775182
0.57480238 39.98224579
0.57780217 40.00399559
0.58080196 40.02313336
0.58380175 40.03979238
0.58680154 40.05410675
0.58980133 40.06621117
0.59280111 40.07624062
0.59580090 40.08433006
0.59880069 40.09061419
0.60180048 40.09522708
0.60480027 40.09830191
0.60780006 40.09997068
0.61079985 40.10036385
0.61379964 40.09961005
0.61679943 40.09783577
0.61979922 40.09516505
0.62279901 40.09171916
0.62579880 40.08761627
0.62879859 40.08297116
0.63179838 40.07789491
0.63479817 40.07249460
0.63779796 40.06687297
0.64079775 40.06112823
0.64379754 40.05535366
0.64679733 40.04963743
0.64979712 40.04406231
0.65279690 40.03870540
0.65579669 40.03363795
0.65879648 40.02892509
0.66179627 40.02462567
0.66479606 40.02079205
0.66779585 40.01746997
0.67079564 40.01469836
0.67379543 40.01250924
0.67679522 40.01092765
0.67979501 40.00997151
0.68279480 40.00965159

0.68279480 40.00965159
0.68581865 40.00988925
0.68884250 40.01059993
0.69186635 40.01177674
0.69489020 40.01340823
0.69791405 40.01547843
0.70093790 40.01796688
0.70396174 40.02084871
0.70698559 40.02409475
0.71000944 40.02767155
0.71303329 40.03154159
0.71605714 40.03566331
0.71908099 40.03999128
0.72210484 40.04447637
0.72512869 40.04906585
0.72815254 40.05370359
0.73117639 40.05833024
0.73420024 40.06288338
0.73722409 40.06729776
0.74024793 40.07150544
0.74327178 40.07543605
0.74629563 40.07901695
0.74931948 40.08217348
0.75234333 40.08482916
0.75536718 40.08690595
0.75839103 40.08832441
0.76141488 40.08900400
0.76443873 40.08886327
0.76746258 40.08782011
0.77048643 40.08579200
0.77351028 40.08269621
0.77653413 40.07845012
0.77955797 40.07297139
0.78258182 40.06617825
0.78560567 40.05798978
0.78862952 40.04832612
0.79165337 40.03710879
0.79467722 40.02426093
0.79770107 40.00970765
0.80072492 39.99337627
0.80374877 39.97519668
0.80677262 39.95510165
0.80979647 39.93302726
0.81282032 39.90891319
0.81584417 39.88270325
0.81886801 39.85434574
0.82189186 39.82379403
0.82491571 39.79100708
0.82793956 39.75595005
0.83096341 39.71859504
0.83398726 39.67892177
0.83701111 39.63691853
0.84003496 39.59258307
0.84305881 39.54592378
0.84608266 39.49696086
0.84910651 39.44572774
0.85213036 39.39227269
0.85515421 39.33666058
0.85817805 39.27897495
0.86120190 39.21932024
0.86422575 39.15782442
0.86724960 39.09464183
0.87027345 39.02995633
0.87329730 38.96398483
0.87632115 38.89698100
0.87934500 38.82923927
0.88236885 38.76109891
0.88539270 38.69294803
0.88841655 38.62522722
0.89144040 38.55843254
0.89446425 38.49311718
0.89748809 38.42989119
0.90051194 38.36941851
0.90353579 38.31241022
0.90655964 38.25961316
0.90958349 38.21179305
0.91260734 38.16971176
0.91563119 38.13409893
0.91865504 38.10561930
0.92167889 38.08483806
0.92470274 38.07218763
0.92772659 38.06793989

0.92772659 38.06793989
0.93075668 38.06534556
0.93378677 38.05757062
0.93681686 38.04463941
0.93984695 38.02659281
0.94287704 38.00348888
0.94590713 37.97540358
0.94893722 37.94243185
0.95196731 37.90468883
0.95499740 37.86231138
0.95802749 37.81545981
0.96105758 37.76431972
0.96408767 37.70910398
0.96711776 37.65005466
0.97014785 37.58744468
0.97317794 37.52157894
0.97620803 37.45279456
0.97923812 37.38145974
0.98226821 37.30797069
0.98529830 37.23274637
0.98832839 37.15622061
0.99135849 37.17374689
0.99438858 37.19739346
0.99741867 37.22009818
1.00044876 37.24167932
1.00347885 37.26196043
1.00650894 37.28077081
1.00953903 37.29794579
1.01256912 37.31332710
1.01559921 37.32676311
1.01862930 37.33810915
1.02165939 37.34722776
1.02468948 37.35398892
1.02771957 37.35827040
1.03074966 37.35995800
1.03377975 37.35894587
1.03680984 37.35513687
1.03983993 37.34844292
1.04287002 37.33878545
1.04590011 37.32609584
1.04893020 37.31031591
1.05196029 37.29139853
1.05499038 37.26930819
1.05802047 37.24402176
1.06105056 37.21552917
1.06408065 37.18383432
1.06711075 37.14895591
1.07014084 37.11092850
1.07317093 37.06980351
1.07620102 37.02565039
1.07923111 36.97855779
1.08226120 36.92863483
1.08529129 36.87601238
1.08832138 36.82084432
1.09135147 36.76330885
1.09438156 36.70360963
1.09741165 36.64197686
1.10044174 36.57866808
1.10347183 36.51396876
1.10650192 36.44819234
1.10953201 36.38167988
1.11256210 36.31479899
1.11559219 36.24794193
1.11862228 36.18152285
1.12165237 36.11597405
1.12468246 36.05174108
1.12771255 35.98927688

1.12771255 35.98927688
1.13072131 35.98971636
1.13373006 35.99103239
1.13673882 35.99321788
1.13974757 35.99626101
1.14275632 36.00014536
1.14576508 36.00485002
1.14877383 36.01034971
1.15178258 36.01661499
1.15479134 36.02361243
1.15780009 36.03130484
1.16080885 36.03965155
1.16381760 36.04860865
1.16682635 36.05812931
1.16983511 36.06816412
1.17284386 36.07866134
1.17585262 36.08956736
1.17886137 36.10082695
1.18187012 36.11238367
1.18487888 36.12418024
1.18788763 36.13615886
1.19089639 36.14826162
1.19390514 36.16043081
1.19691389 36.17260927
1.19992265 36.18474070
1.20293140 36.19677000
1.20594015 36.20864352
1.20894891 36.22030930
1.21195766 36.23171738
1.21496642 36.24281991
1.21797517 36.25357140
1.22098392 36.26392882
1.22399268 36.27385173
1.22700143 36.28330237
1.23001019 36.29224570
1.23301894 36.30064945
1.23602769 36.30848409
1.23903645 36.31572282
1.24204520 36.32234157
1.24505396 36.32831885
1.24806271 36.33363578
1.25107146 36.33827595
1.25408022 36.34222535
1.25708897 36.34547228
1.26009772 36.34800733
1.26310648 36.34982321
1.26611523 36.35091478
1.26912399 36.35127898



