# End points of segments: 
#   0.00000000 0.28282290 0.38281580 0.68279480 0.92772660 
0.000000 -0.000000
0.002828 0.497010
0.005657 0.993917
0.008485 1.490622
0.011313 1.987020
0.014141 2.483012
0.016969 2.978495
0.019798 3.473369
0.022626 3.967532
0.025454 4.460884
0.028282 4.953323
0.031110 5.444751
0.033939 5.935067
0.036767 6.424173
0.039595 6.911968
0.042423 7.398357
0.045252 7.883239
0.048080 8.366520
0.050908 8.848102
0.053736 9.327889
0.056565 9.805788
0.059393 10.281703
0.062221 10.755542
0.065049 11.227212
0.067877 11.696623
0.070706 12.163683
0.073534 12.628305
0.076362 13.090398
0.079190 13.549878
0.082019 14.006657
0.084847 14.460652
0.087675 14.911780
0.090503 15.359959
0.093331 15.805108
0.096160 16.247149
0.098988 16.686005
0.101816 17.121600
0.104645 17.553861
0.107473 17.982715
0.110301 18.408092
0.113129 18.829923
0.115957 19.248141
0.118786 19.662682
0.121614 20.073483
0.124442 20.480484
0.127270 20.883624
0.130099 21.282849
0.132927 21.678103
0.135755 22.069333
0.138583 22.456491
0.141411 22.839528
0.144240 23.218398
0.147068 23.593059
0.149896 23.963468
0.152724 24.329589
0.155553 24.691385
0.158381 25.048821
0.161209 25.401867
0.164037 25.750494
0.166865 26.094675
0.169694 26.434387
0.172522 26.769607
0.175350 27.100316
0.178178 27.426498
0.181007 27.748137
0.183835 28.065223
0.186663 28.377746
0.189491 28.685697
0.192320 28.989072
0.195148 29.287869
0.197976 29.582086
0.200804 29.871726
0.203632 30.156791
0.206461 30.437288
0.209289 30.713225
0.212117 30.984612
0.214945 31.251460
0.217774 31.513783
0.220602 31.771596
0.223430 32.024917
0.226258 32.273764
0.229086 32.518157
0.231915 32.758119
0.234743 32.993672
0.237571 33.224842
0.240399 33.451653
0.243228 33.674134
0.246056 33.892311
0.248884 34.106215
0.251712 34.315874
0.254541 34.521321
0.257369 34.722586
0.260197 34.919702
0.263025 35.112701
0.265854 35.301617
0.268682 35.486484
0.271510 35.667335
0.274338 35.844206
0.277166 36.017130
0.279995 36.186143
0.282823 36.351279

0.282823 24.576426
0.283823 24.576220
0.284823 24.575605
0.285823 24.574578
0.286823 24.573142
0.287822 24.571295
0.288822 24.569038
0.289822 24.566371
0.290822 24.563294
0.291822 24.559807
0.292822 24.555912
0.293822 24.551607
0.294822 24.546893
0.295822 24.541771
0.296822 24.536240
0.297822 24.530302
0.298822 24.523956
0.299822 24.517204
0.300822 24.510045
0.301822 24.502480
0.302822 24.494509
0.303821 24.486133
0.304821 24.477353
0.305821 24.468170
0.306821 24.458583
0.307821 24.448593
0.308821 24.438202
0.309821 24.427409
0.310821 24.416216
0.311821 24.404623
0.312821 24.392631
0.313821 24.380241
0.314821 24.367453
0.315821 24.354269
0.316821 24.340689
0.317820 24.326714
0.318820 24.312345
0.319820 24.297584
0.320820 24.282430
0.321820 24.266885
0.322820 24.250950
0.323820 24.234626
0.324820 24.217913
0.325820 24.200814
0.326820 24.183329
0.327820 24.165459
0.328820 24.147205
0.329820 24.128568
0.330819 24.109550
0.331819 24.090152
0.332819 24.070374
0.333819 24.050219
0.334819 24.029686
0.335819 24.008779
0.336819 23.987497
0.337819 23.965842
0.338819 23.943815
0.339819 23.921418
0.340819 23.898651
0.341819 23.875517
0.342819 23.852017
0.343819 23.828151
0.344818 23.803922
0.345818 23.779330
0.346818 23.754377
0.347818 23.729064
0.348818 23.703393
0.349818 23.677365
0.350818 23.650982
0.351818 23.624245
0.352818 23.597156
0.353818 23.569715
0.354818 23.541924
0.355818 23.513786
0.356818 23.485300
0.357818 23.456470
0.358818 23.427295
0.359818 23.397778
0.360817 23.367921
0.361817 23.337724
0.362817 23.307189
0.363817 23.276318
0.364817 23.245112
0.365817 23.213573
0.366817 23.181701
0.367817 23.149500
0.368817 23.116969
0.369817 23.084111
0.370817 23.050927
0.371817 23.017419
0.372817 22.983588
0.373816 22.949436
0.374816 22.914963
0.375816 22.880172
0.376816 22.845064
0.377816 22.809641
0.378816 22.773904
0.379816 22.737854
0.380816 22.701493
0.381816 22.664823
0.382816 22.627844

0.382816 22.627844
0.385816 22.515073
0.388815 22.399579
0.391815 22.281400
0.394815 22.160574
0.397815 22.037135
0.400815 21.911118
0.403814 21.782556
0.406814 21.651483
0.409814 21.517928
0.412814 21.381922
0.415814 21.243491
0.418813 21.102663
0.421813 20.959462
0.424813 20.813911
0.427813 20.666031
0.430812 20.515842
0.433812 20.363362
0.436812 20.208606
0.439812 20.051589
0.442812 19.892323
0.445811 19.730817
0.448811 19.567081
0.451811 19.401122
0.454811 19.232945
0.457811 19.062553
0.460810 18.889947
0.463810 18.715128
0.466810 18.538095
0.469810 18.358844
0.472809 18.177371
0.475809 17.993670
0.478809 17.807736
0.481809 17.619559
0.484809 17.429131
0.487808 17.236442
0.490808 17.041482
0.493808 16.844239
0.496808 16.644702
0.499808 16.442858
0.502807 16.238695
0.505807 16.032201
0.508807 15.823363
0.511807 15.612168
0.514807 15.398605
0.517806 15.182662
0.520806 14.964327
0.523806 14.743590
0.526806 14.520443
0.529806 14.294875
0.532805 14.066880
0.535805 13.836452
0.538805 13.603584
0.541805 13.368275
0.544805 13.130522
0.547804 12.890325
0.550804 12.647685
0.553804 12.402607
0.556804 12.155095
0.559803 11.905159
0.562803 11.652807
0.565803 11.398051
0.568803 11.140908
0.571803 10.881392
0.574802 10.619525
0.577802 10.355327
0.580802 10.088824
0.583802 9.820043
0.586801 9.549014
0.589801 9.275768
0.592801 9.000342
0.595801 8.722772
0.598801 8.443101
0.601800 8.161370
0.604800 7.877626
0.607800 7.591918
0.610800 7.304295
0.613800 7.014813
0.616799 6.723528
0.619799 6.430497
0.622799 6.135782
0.625799 5.839447
0.628799 5.541558
0.631798 5.242182
0.634798 4.941389
0.637798 4.639252
0.640798 4.335845
0.643798 4.031244
0.646797 3.725526
0.649797 3.418770
0.652797 3.111059
0.655797 2.802473
0.658797 2.493097
0.661796 2.183016
0.664796 1.872314
0.667796 1.561080
0.670796 1.249400
0.673795 0.937363
0.676795 0.625058
0.679795 0.312574
0.682795 0.000001

0.682795 -0.000000
0.685244 0.460786
0.687693 0.921481
0.690143 1.381995
0.692592 1.842238
0.695041 2.302119
0.697491 2.761548
0.699940 3.220435
0.702389 3.678689
0.704839 4.136223
0.707288 4.592945
0.709737 5.048767
0.712187 5.503601
0.714636 5.957358
0.717085 6.409950
0.719535 6.861289
0.721984 7.311289
0.724433 7.759862
0.726882 8.206924
0.729332 8.652388
0.731781 9.096169
0.734231 9.538183
0.736680 9.978346
0.739129 10.416576
0.741578 10.852789
0.744028 11.286905
0.746477 11.718842
0.748926 12.148520
0.751376 12.575860
0.753825 13.000782
0.756274 13.423210
0.758724 13.843066
0.761173 14.260274
0.763622 14.674759
0.766072 15.086446
0.768521 15.495262
0.770970 15.901133
0.773420 16.303989
0.775869 16.703757
0.778318 17.100368
0.780767 17.493753
0.783217 17.883843
0.785666 18.270571
0.788115 18.653869
0.790565 19.033672
0.793014 19.409915
0.795463 19.782532
0.797913 20.151460
0.800362 20.516635
0.802811 20.877995
0.805261 21.235478
0.807710 21.589021
0.810159 21.938563
0.812609 22.284043
0.815058 22.625399
0.817507 22.962570
0.819957 23.295494
0.822406 23.624110
0.824855 23.948355
0.827305 24.268167
0.829754 24.583481
0.832203 24.894232
0.834653 25.200353
0.837102 25.501776
0.839551 25.798431
0.842001 26.090245
0.844450 26.377141
0.846899 26.659040
0.849348 26.935859
0.851798 27.207511
0.854247 27.473902
0.856696 27.734934
0.859146 27.990501
0.861595 28.240490
0.864044 28.484780
0.866494 28.723241
0.868943 28.955730
0.871392 29.182094
0.873842 29.402168
0.876291 29.615769
0.878740 29.822702
0.881189 30.022752
0.883639 30.215687
0.886088 30.401252
0.888537 30.579174
0.890987 30.749156
0.893436 30.910879
0.895886 31.064000
0.898335 31.208155
0.900784 31.342960
0.903233 31.468012
0.905683 31.582895
0.908132 31.687188
0.910581 31.780468
0.913031 31.862321
0.915480 31.932355
0.917929 31.990207
0.920379 32.035561
0.922828 32.068154
0.925277 32.087790
0.927727 32.094350


0.000000 0.000001
0.002828 0.337506
0.005657 0.674960
0.008485 1.012312
0.011313 1.349511
0.014141 1.686504
0.016969 2.023242
0.019798 2.359672
0.022626 2.695743
0.025454 3.031405
0.028282 3.366606
0.031110 3.701295
0.033939 4.035420
0.036767 4.368929
0.039595 4.701773
0.042423 5.033900
0.045252 5.365257
0.048080 5.695795
0.050908 6.025462
0.053736 6.354207
0.056565 6.681978
0.059393 7.008725
0.062221 7.334396
0.065049 7.658942
0.067877 7.982311
0.070706 8.304452
0.073534 8.625316
0.076362 8.944851
0.079190 9.263009
0.082019 9.579738
0.084847 9.894989
0.087675 10.208713
0.090503 10.520860
0.093331 10.831381
0.096160 11.140228
0.098988 11.447352
0.101816 11.752705
0.104645 12.056239
0.107473 12.357906
0.110301 12.657659
0.113129 12.955451
0.115957 13.251235
0.118786 13.544964
0.121614 13.836593
0.124442 14.126073
0.127270 14.413361
0.130099 14.698410
0.132927 14.981173
0.135755 15.261606
0.138583 15.539662
0.141411 15.815295
0.144240 16.088459
0.147068 16.359107
0.149896 16.627193
0.152724 16.892668
0.155553 17.155485
0.158381 17.415593
0.161209 17.672943
0.164037 17.927482
0.166865 18.179158
0.169694 18.427915
0.172522 18.673696
0.175350 18.916440
0.178178 19.156087
0.181007 19.392569
0.183835 19.625818
0.186663 19.855760
0.189491 20.082317
0.192320 20.305405
0.195148 20.524935
0.197976 20.740812
0.200804 20.952933
0.203632 21.161186
0.206461 21.365453
0.209289 21.565602
0.212117 21.761495
0.214945 21.952979
0.217774 22.139889
0.220602 22.322047
0.223430 22.499260
0.226258 22.671318
0.229086 22.837997
0.231915 22.999052
0.234743 23.154224
0.237571 23.303232
0.240399 23.445780
0.243228 23.581551
0.246056 23.710213
0.248884 23.831420
0.251712 23.944813
0.254541 24.050022
0.257369 24.146677
0.260197 24.234405
0.263025 24.312842
0.265854 24.381641
0.268682 24.440476
0.271510 24.489052
0.274338 24.527115
0.277166 24.554457
0.279995 24.570926
0.282823 24.576426

0.282823 24.576426
0.283823 24.577130
0.284823 24.579242
0.285823 24.582763
0.286823 24.587689
0.287822 24.594020
0.288822 24.601754
0.289822 24.610887
0.290822 24.621417
0.291822 24.633340
0.292822 24.646653
0.293822 24.661349
0.294822 24.677425
0.295822 24.694875
0.296822 24.713692
0.297822 24.733872
0.298822 24.755406
0.299822 24.778287
0.300822 24.802509
0.301822 24.828062
0.302822 24.854938
0.303821 24.883129
0.304821 24.912625
0.305821 24.943416
0.306821 24.975492
0.307821 25.008843
0.308821 25.043457
0.309821 25.079324
0.310821 25.116433
0.311821 25.154771
0.312821 25.194326
0.313821 25.235085
0.314821 25.277036
0.315821 25.320166
0.316821 25.364462
0.317820 25.409909
0.318820 25.456493
0.319820 25.504202
0.320820 25.553019
0.321820 25.602931
0.322820 25.653923
0.323820 25.705979
0.324820 25.759084
0.325820 25.813224
0.326820 25.868381
0.327820 25.924541
0.328820 25.981687
0.329820 26.039803
0.330819 26.098874
0.331819 26.158882
0.332819 26.219811
0.333819 26.281644
0.334819 26.344365
0.335819 26.407957
0.336819 26.472403
0.337819 26.537687
0.338819 26.603790
0.339819 26.670696
0.340819 26.738388
0.341819 26.806848
0.342819 26.876060
0.343819 26.946006
0.344818 27.016669
0.345818 27.088031
0.346818 27.160076
0.347818 27.232786
0.348818 27.306145
0.349818 27.380133
0.350818 27.454735
0.351818 27.529934
0.352818 27.605712
0.353818 27.682051
0.354818 27.758936
0.355818 27.836349
0.356818 27.914274
0.357818 27.992692
0.358818 28.071588
0.359818 28.150945
0.360817 28.230746
0.361817 28.310974
0.362817 28.391614
0.363817 28.472648
0.364817 28.554061
0.365817 28.635835
0.366817 28.717956
0.367817 28.800406
0.368817 28.883170
0.369817 28.966232
0.370817 29.049576
0.371817 29.133186
0.372817 29.217047
0.373816 29.301143
0.374816 29.385458
0.375816 29.469977
0.376816 29.554685
0.377816 29.639565
0.378816 29.724602
0.379816 29.809781
0.380816 29.895085
0.381816 29.980498
0.382816 30.066003

0.382816 30.066003
0.385816 30.322897
0.388815 30.579918
0.391815 30.836192
0.394815 31.089055
0.397815 31.300747
0.400815 31.152801
0.403814 30.914010
0.406814 30.666432
0.409814 30.413658
0.412814 30.156471
0.415814 29.895205
0.418813 29.630063
0.421813 29.361204
0.424813 29.088763
0.427813 28.812863
0.430812 28.533622
0.433812 28.251152
0.436812 27.965563
0.439812 27.676959
0.442812 27.385444
0.445811 27.091119
0.448811 26.794081
0.451811 26.494427
0.454811 26.192251
0.457811 25.887643
0.460810 25.580692
0.463810 25.271484
0.466810 24.960104
0.469810 24.646633
0.472809 24.331150
0.475809 24.013732
0.478809 23.694453
0.481809 23.373385
0.484809 23.050597
0.487808 22.726157
0.490808 22.400130
0.493808 22.072577
0.496808 21.743560
0.499808 21.413136
0.502807 21.081361
0.505807 20.748290
0.508807 20.413974
0.511807 20.078463
0.514807 19.741805
0.517806 19.404046
0.520806 19.065231
0.523806 18.725403
0.526806 18.384602
0.529806 18.042869
0.532805 17.700241
0.535805 17.356756
0.538805 17.012448
0.541805 16.667353
0.544805 16.321503
0.547804 15.974931
0.550804 15.627667
0.553804 15.279741
0.556804 14.931182
0.559803 14.582018
0.562803 14.232277
0.565803 13.881986
0.568803 13.531169
0.571803 13.179852
0.574802 12.828059
0.577802 12.475813
0.580802 12.123139
0.583802 11.770058
0.586801 11.416591
0.589801 11.062760
0.592801 10.708586
0.595801 10.354088
0.598801 9.999286
0.601800 9.644197
0.604800 9.288841
0.607800 8.933235
0.610800 8.577396
0.613800 8.221339
0.616799 7.865080
0.619799 7.508635
0.622799 7.152017
0.625799 6.795240
0.628799 6.438317
0.631798 6.081261
0.634798 5.724084
0.637798 5.366795
0.640798 5.009406
0.643798 4.651927
0.646797 4.294367
0.649797 3.936734
0.652797 3.579037
0.655797 3.221284
0.658797 2.863480
0.661796 2.505634
0.664796 2.147752
0.667796 1.789838
0.670796 1.431900
0.673795 1.073942
0.676795 0.715969
0.679795 0.357987
0.682795 0.000001

0.682795 0.000001
0.685244 0.268140
0.687693 0.536195
0.690143 0.804080
0.692592 1.071712
0.695041 1.339006
0.697491 1.605878
0.699940 1.872244
0.702389 2.138021
0.704839 2.403125
0.707288 2.667473
0.709737 2.930984
0.712187 3.193576
0.714636 3.455167
0.717085 3.715677
0.719535 3.975026
0.721984 4.233136
0.724433 4.489927
0.726882 4.745321
0.729332 4.999244
0.731781 5.251617
0.734231 5.502368
0.736680 5.751421
0.739129 5.998705
0.741578 6.244146
0.744028 6.487676
0.746477 6.729224
0.748926 6.968722
0.751376 7.206104
0.753825 7.441302
0.756274 7.674254
0.758724 7.904895
0.761173 8.133165
0.763622 8.359003
0.766072 8.582349
0.768521 8.803148
0.770970 9.021342
0.773420 9.236877
0.775869 9.449700
0.778318 9.659761
0.780767 9.867008
0.783217 10.071395
0.785666 10.272874
0.788115 10.471400
0.790565 10.666931
0.793014 10.859424
0.795463 11.048839
0.797913 11.235138
0.800362 11.418285
0.802811 11.598243
0.805261 11.774980
0.807710 11.948464
0.810159 12.118664
0.812609 12.285553
0.815058 12.449102
0.817507 12.609288
0.819957 12.766086
0.822406 12.919474
0.824855 13.069432
0.827305 13.215941
0.829754 13.358982
0.832203 13.498541
0.834653 13.634603
0.837102 13.767154
0.839551 13.896183
0.842001 14.021680
0.844450 14.143635
0.846899 14.262040
0.849348 14.376890
0.851798 14.488178
0.854247 14.595901
0.856696 14.700054
0.859146 14.800637
0.861595 14.897646
0.864044 14.991083
0.866494 15.080948
0.868943 15.167241
0.871392 15.249964
0.873842 15.329120
0.876291 15.404713
0.878740 15.476745
0.881189 15.545221
0.883639 15.610144
0.886088 15.671520
0.888537 15.729353
0.890987 15.783648
0.893436 15.834410
0.895886 15.881645
0.898335 15.925357
0.900784 15.965551
0.903233 16.002233
0.905683 16.035405
0.908132 16.065074
0.910581 16.091242
0.913031 16.113913
0.915480 16.133091
0.917929 16.148778
0.920379 16.160977
0.922828 16.169689
0.925277 16.174916
0.927727 16.176658


0.000000 0.000001
0.002828 0.337506
0.005657 0.674960
0.008485 1.012312
0.011313 1.349511
0.014141 1.686504
0.016969 2.023242
0.019798 2.359672
0.022626 2.695743
0.025454 3.031405
0.028282 3.366606
0.031110 3.701295
0.033939 4.035420
0.036767 4.368929
0.039595 4.701773
0.042423 5.033900
0.045252 5.365257
0.048080 5.695795
0.050908 6.025462
0.053736 6.354207
0.056565 6.681978
0.059393 7.008725
0.062221 7.334396
0.065049 7.658942
0.067877 7.982311
0.070706 8.304452
0.073534 8.625316
0.076362 8.944851
0.079190 9.263009
0.082019 9.579738
0.084847 9.894989
0.087675 10.208713
0.090503 10.520860
0.093331 10.831381
0.096160 11.140228
0.098988 11.447352
0.101816 11.752705
0.104645 12.056239
0.107473 12.357906
0.110301 12.657659
0.113129 12.955451
0.115957 13.251235
0.118786 13.544964
0.121614 13.836593
0.124442 14.126073
0.127270 14.413361
0.130099 14.698410
0.132927 14.981173
0.135755 15.261606
0.138583 15.539662
0.141411 15.815295
0.144240 16.088459
0.147068 16.359107
0.149896 16.627193
0.152724 16.892668
0.155553 17.155485
0.158381 17.415593
0.161209 17.672943
0.164037 17.927482
0.166865 18.179158
0.169694 18.427915
0.172522 18.673696
0.175350 18.916440
0.178178 19.156087
0.181007 19.392569
0.183835 19.625818
0.186663 19.855760
0.189491 20.082317
0.192320 20.305405
0.195148 20.524935
0.197976 20.740812
0.200804 20.952933
0.203632 21.161186
0.206461 21.365453
0.209289 21.565602
0.212117 21.761495
0.214945 21.952979
0.217774 22.139889
0.220602 22.322047
0.223430 22.499260
0.226258 22.671318
0.229086 22.837997
0.231915 22.999052
0.234743 23.154224
0.237571 23.303232
0.240399 23.445780
0.243228 23.581551
0.246056 23.710213
0.248884 23.831420
0.251712 23.944813
0.254541 24.050022
0.257369 24.146677
0.260197 24.234405
0.263025 24.312842
0.265854 24.381641
0.268682 24.440476
0.271510 24.489052
0.274338 24.527115
0.277166 24.554457
0.279995 24.570926
0.282823 24.576426

0.282823 32.606764
0.283823 32.606329
0.284823 32.605024
0.285823 32.602851
0.286823 32.599814
0.287822 32.595915
0.288822 32.591161
0.289822 32.585558
0.290822 32.579112
0.291822 32.571832
0.292822 32.563728
0.293822 32.554810
0.294822 32.545088
0.295822 32.534575
0.296822 32.523283
0.297822 32.511225
0.298822 32.498415
0.299822 32.484868
0.300822 32.470599
0.301822 32.455622
0.302822 32.439954
0.303821 32.423610
0.304821 32.406607
0.305821 32.388961
0.306821 32.370689
0.307821 32.351808
0.308821 32.332334
0.309821 32.312283
0.310821 32.291673
0.311821 32.270521
0.312821 32.248842
0.313821 32.226654
0.314821 32.203972
0.315821 32.180812
0.316821 32.157191
0.317820 32.133123
0.318820 32.108625
0.319820 32.083712
0.320820 32.058397
0.321820 32.032697
0.322820 32.006625
0.323820 31.980195
0.324820 31.953421
0.325820 31.926316
0.326820 31.898893
0.327820 31.871165
0.328820 31.843145
0.329820 31.814845
0.330819 31.786276
0.331819 31.757451
0.332819 31.728380
0.333819 31.699074
0.334819 31.669544
0.335819 31.639800
0.336819 31.609853
0.337819 31.579712
0.338819 31.549387
0.339819 31.518887
0.340819 31.488220
0.341819 31.457397
0.342819 31.426424
0.343819 31.395311
0.344818 31.364065
0.345818 31.332695
0.346818 31.301206
0.347818 31.269607
0.348818 31.237905
0.349818 31.206107
0.350818 31.174218
0.351818 31.142246
0.352818 31.110197
0.353818 31.078076
0.354818 31.045888
0.355818 31.013641
0.356818 30.981339
0.357818 30.948986
0.358818 30.916589
0.359818 30.884151
0.360817 30.851678
0.361817 30.819174
0.362817 30.786642
0.363817 30.754087
0.364817 30.721513
0.365817 30.688923
0.366817 30.656321
0.367817 30.623710
0.368817 30.591094
0.369817 30.558474
0.370817 30.525855
0.371817 30.493239
0.372817 30.460628
0.373816 30.428025
0.374816 30.395431
0.375816 30.362849
0.376816 30.330281
0.377816 30.297727
0.378816 30.265191
0.379816 30.232673
0.380816 30.200175
0.381816 30.167697
0.382816 30.135240

0.382816 30.135240
0.385816 30.038005
0.388815 29.940981
0.391815 29.844166
0.394815 29.747549
0.397815 29.651103
0.400815 29.554789
0.403814 29.458557
0.406814 29.362342
0.409814 29.266067
0.412814 29.169643
0.415814 29.072965
0.418813 28.975918
0.421813 28.878372
0.424813 28.780183
0.427813 28.681195
0.430812 28.581240
0.433812 28.480134
0.436812 28.377683
0.439812 28.273680
0.442812 28.167904
0.445811 28.060126
0.448811 27.950105
0.451811 27.837587
0.454811 27.722313
0.457811 27.604013
0.460810 27.482410
0.463810 27.357221
0.466810 27.228160
0.469810 27.094935
0.472809 26.957253
0.475809 26.814820
0.478809 26.667344
0.481809 26.514536
0.484809 26.356109
0.487808 26.191784
0.490808 26.021289
0.493808 25.844362
0.496808 25.660749
0.499808 25.470210
0.502807 25.272518
0.505807 25.067458
0.508807 24.854831
0.511807 24.634456
0.514807 24.406165
0.517806 24.169809
0.520806 23.925256
0.523806 23.672389
0.526806 23.411111
0.529806 23.141340
0.532805 22.863014
0.535805 22.576083
0.538805 22.280517
0.541805 21.976300
0.544805 21.663430
0.547804 21.341922
0.550804 21.011803
0.553804 20.673114
0.556804 20.325908
0.559803 19.970250
0.562803 19.606218
0.565803 19.233899
0.568803 18.853391
0.571803 18.464802
0.574802 18.068248
0.577802 17.663855
0.580802 17.251758
0.583802 16.832096
0.586801 16.405021
0.589801 15.970688
0.592801 15.529259
0.595801 15.080906
0.598801 14.625802
0.601800 14.164130
0.604800 13.696076
0.607800 13.221833
0.610800 12.741598
0.613800 12.255573
0.616799 11.763965
0.619799 11.266985
0.622799 10.764848
0.625799 10.257775
0.628799 9.745987
0.631798 9.229712
0.634798 8.709180
0.637798 8.184625
0.640798 7.656283
0.643798 7.124393
0.646797 6.589198
0.649797 6.050943
0.652797 5.509873
0.655797 4.966238
0.658797 4.420290
0.661796 3.872280
0.664796 3.322463
0.667796 2.771095
0.670796 2.218432
0.673795 1.664732
0.676795 1.110254
0.679795 0.555257
0.682795 -0.000000

0.682795 0.000001
0.685244 0.268140
0.687693 0.536195
0.690143 0.804080
0.692592 1.071712
0.695041 1.339006
0.697491 1.605878
0.699940 1.872244
0.702389 2.138021
0.704839 2.403125
0.707288 2.667473
0.709737 2.930984
0.712187 3.193576
0.714636 3.455167
0.717085 3.715677
0.719535 3.975026
0.721984 4.233136
0.724433 4.489927
0.726882 4.745321
0.729332 4.999244
0.731781 5.251617
0.734231 5.502368
0.736680 5.751421
0.739129 5.998705
0.741578 6.244146
0.744028 6.487676
0.746477 6.729224
0.748926 6.968722
0.751376 7.206104
0.753825 7.441302
0.756274 7.674254
0.758724 7.904895
0.761173 8.133165
0.763622 8.359003
0.766072 8.582349
0.768521 8.803148
0.770970 9.021342
0.773420 9.236877
0.775869 9.449700
0.778318 9.659761
0.780767 9.867008
0.783217 10.071395
0.785666 10.272874
0.788115 10.471400
0.790565 10.666931
0.793014 10.859424
0.795463 11.048839
0.797913 11.235138
0.800362 11.418285
0.802811 11.598243
0.805261 11.774980
0.807710 11.948464
0.810159 12.118664
0.812609 12.285553
0.815058 12.449102
0.817507 12.609288
0.819957 12.766086
0.822406 12.919474
0.824855 13.069432
0.827305 13.215941
0.829754 13.358982
0.832203 13.498541
0.834653 13.634603
0.837102 13.767154
0.839551 13.896183
0.842001 14.021680
0.844450 14.143635
0.846899 14.262040
0.849348 14.376890
0.851798 14.488178
0.854247 14.595901
0.856696 14.700054
0.859146 14.800637
0.861595 14.897646
0.864044 14.991083
0.866494 15.080948
0.868943 15.167241
0.871392 15.249964
0.873842 15.329120
0.876291 15.404713
0.878740 15.476745
0.881189 15.545221
0.883639 15.610144
0.886088 15.671520
0.888537 15.729353
0.890987 15.783648
0.893436 15.834410
0.895886 15.881645
0.898335 15.925357
0.900784 15.965551
0.903233 16.002233
0.905683 16.035405
0.908132 16.065074
0.910581 16.091242
0.913031 16.113913
0.915480 16.133091
0.917929 16.148778
0.920379 16.160977
0.922828 16.169689
0.925277 16.174916
0.927727 16.176658


0.000000 40.009652
0.002828 40.008548
0.005657 40.005237
0.008485 39.999720
0.011313 39.991995
0.014141 39.982064
0.016969 39.969927
0.019798 39.955583
0.022626 39.939034
0.025454 39.920280
0.028282 39.899322
0.031110 39.876161
0.033939 39.850797
0.036767 39.823233
0.039595 39.793470
0.042423 39.761510
0.045252 39.727356
0.048080 39.691010
0.050908 39.652475
0.053736 39.611756
0.056565 39.568856
0.059393 39.523781
0.062221 39.476536
0.065049 39.427127
0.067877 39.375561
0.070706 39.321846
0.073534 39.265991
0.076362 39.208005
0.079190 39.147898
0.082019 39.085683
0.084847 39.021371
0.087675 38.954976
0.090503 38.886513
0.093331 38.815997
0.096160 38.743447
0.098988 38.668881
0.101816 38.592319
0.104645 38.513781
0.107473 38.433291
0.110301 38.350873
0.113129 38.266554
0.115957 38.180360
0.118786 38.092320
0.121614 38.002466
0.124442 37.910830
0.127270 37.817447
0.130099 37.722353
0.132927 37.625587
0.135755 37.527188
0.138583 37.427199
0.141411 37.325666
0.144240 37.222633
0.147068 37.118152
0.149896 37.012273
0.152724 36.905051
0.155553 36.796542
0.158381 36.686807
0.161209 36.575907
0.164037 36.463909
0.166865 36.350881
0.169694 36.236896
0.172522 36.122031
0.175350 36.006365
0.178178 35.889983
0.181007 35.772974
0.183835 35.655433
0.186663 35.537457
0.189491 35.419153
0.192320 35.300632
0.195148 35.182011
0.197976 35.063416
0.200804 34.944981
0.203632 34.826847
0.206461 34.709164
0.209289 34.592095
0.212117 34.475812
0.214945 34.360499
0.217774 34.246351
0.220602 34.133580
0.223430 34.022411
0.226258 33.913082
0.229086 33.805852
0.231915 33.700992
0.234743 33.598793
0.237571 33.499564
0.240399 33.403628
0.243228 33.311329
0.246056 33.223022
0.248884 33.139080
0.251712 33.059884
0.254541 32.985824
0.257369 32.917291
0.260197 32.854674
0.263025 32.798355
0.265854 32.748694
0.268682 32.706032
0.271510 32.670673
0.274338 32.642881
0.277166 32.622870
0.279995 32.610798
0.282823 32.606764

0.282823 32.606764
0.283823 32.606852
0.284823 32.607115
0.285823 32.607554
0.286823 32.608169
0.287822 32.608960
0.288822 32.609927
0.289822 32.611070
0.290822 32.612388
0.291822 32.613883
0.292822 32.615554
0.293822 32.617401
0.294822 32.619425
0.295822 32.621625
0.296822 32.624003
0.297822 32.626557
0.298822 32.629288
0.299822 32.632196
0.300822 32.635282
0.301822 32.638546
0.302822 32.641988
0.303821 32.645608
0.304821 32.649406
0.305821 32.653383
0.306821 32.657539
0.307821 32.661874
0.308821 32.666388
0.309821 32.671083
0.310821 32.675957
0.311821 32.681012
0.312821 32.686247
0.313821 32.691664
0.314821 32.697262
0.315821 32.703041
0.316821 32.709003
0.317820 32.715146
0.318820 32.721473
0.319820 32.727982
0.320820 32.734675
0.321820 32.741552
0.322820 32.748613
0.323820 32.755859
0.324820 32.763289
0.325820 32.770905
0.326820 32.778706
0.327820 32.786693
0.328820 32.794867
0.329820 32.803227
0.330819 32.811774
0.331819 32.820510
0.332819 32.829432
0.333819 32.838544
0.334819 32.847843
0.335819 32.857332
0.336819 32.867010
0.337819 32.876878
0.338819 32.886936
0.339819 32.897185
0.340819 32.907624
0.341819 32.918254
0.342819 32.929075
0.343819 32.940089
0.344818 32.951294
0.345818 32.962692
0.346818 32.974283
0.347818 32.986066
0.348818 32.998043
0.349818 33.010213
0.350818 33.022576
0.351818 33.035134
0.352818 33.047886
0.353818 33.060833
0.354818 33.073974
0.355818 33.087310
0.356818 33.100840
0.357818 33.114566
0.358818 33.128488
0.359818 33.142604
0.360817 33.156917
0.361817 33.171425
0.362817 33.186128
0.363817 33.201027
0.364817 33.216122
0.365817 33.231413
0.366817 33.246900
0.367817 33.262582
0.368817 33.278460
0.369817 33.294534
0.370817 33.310803
0.371817 33.327268
0.372817 33.343928
0.373816 33.360783
0.374816 33.377834
0.375816 33.395079
0.376816 33.412518
0.377816 33.430152
0.378816 33.447980
0.379816 33.466002
0.380816 33.484217
0.381816 33.502626
0.382816 33.521226

0.382816 32.546693
0.385816 32.329386
0.388815 32.107553
0.391815 31.881831
0.394815 31.654660
0.397815 31.463585
0.400815 31.626876
0.403814 31.875552
0.406814 32.127379
0.409814 32.378606
0.412814 32.628296
0.415814 32.875977
0.418813 33.121317
0.421813 33.364042
0.424813 33.603909
0.427813 33.840700
0.430812 34.074211
0.433812 34.304254
0.436812 34.530655
0.439812 34.753249
0.442812 34.971886
0.445811 35.186426
0.448811 35.396740
0.451811 35.602707
0.454811 35.804221
0.457811 36.001182
0.460810 36.193500
0.463810 36.381096
0.466810 36.563899
0.469810 36.741848
0.472809 36.914890
0.475809 37.082981
0.478809 37.246084
0.481809 37.404173
0.484809 37.557226
0.487808 37.705233
0.490808 37.848189
0.493808 37.986097
0.496808 38.118966
0.499808 38.246815
0.502807 38.369666
0.505807 38.487551
0.508807 38.600507
0.511807 38.708576
0.514807 38.811808
0.517806 38.910258
0.520806 39.003987
0.523806 39.093062
0.526806 39.177554
0.529806 39.257540
0.532805 39.333102
0.535805 39.404325
0.538805 39.471302
0.541805 39.534128
0.544805 39.592902
0.547804 39.647728
0.550804 39.698713
0.553804 39.745967
0.556804 39.789606
0.559803 39.829745
0.562803 39.866506
0.565803 39.900010
0.568803 39.930383
0.571803 39.957752
0.574802 39.982246
0.577802 40.003996
0.580802 40.023133
0.583802 40.039792
0.586801 40.054107
0.589801 40.066211
0.592801 40.076241
0.595801 40.084330
0.598801 40.090614
0.601800 40.095227
0.604800 40.098302
0.607800 40.099971
0.610800 40.100364
0.613800 40.099610
0.616799 40.097836
0.619799 40.095165
0.622799 40.091719
0.625799 40.087616
0.628799 40.082971
0.631798 40.077895
0.634798 40.072495
0.637798 40.066873
0.640798 40.061128
0.643798 40.055354
0.646797 40.049637
0.649797 40.044062
0.652797 40.038705
0.655797 40.033638
0.658797 40.028925
0.661796 40.024626
0.664796 40.020792
0.667796 40.017470
0.670796 40.014698
0.673795 40.012509
0.676795 40.010928
0.679795 40.009972
0.682795 40.009652

0.682795 40.009652
0.685244 40.009808
0.687693 40.010274
0.690143 40.011049
0.692592 40.012127
0.695041 40.013501
0.697491 40.015163
0.699940 40.017101
0.702389 40.019303
0.704839 40.021754
0.707288 40.024438
0.709737 40.027337
0.712187 40.030431
0.714636 40.033698
0.717085 40.037114
0.719535 40.040655
0.721984 40.044295
0.724433 40.048004
0.726882 40.051754
0.729332 40.055513
0.731781 40.059249
0.734231 40.062928
0.736680 40.066516
0.739129 40.069977
0.741578 40.073273
0.744028 40.076367
0.746477 40.079219
0.748926 40.081790
0.751376 40.084038
0.753825 40.085924
0.756274 40.087404
0.758724 40.088437
0.761173 40.088979
0.763622 40.088987
0.766072 40.088417
0.768521 40.087226
0.770970 40.085370
0.773420 40.082805
0.775869 40.079487
0.778318 40.075372
0.780767 40.070416
0.783217 40.064577
0.785666 40.057811
0.788115 40.050076
0.790565 40.041331
0.793014 40.031533
0.795463 40.020644
0.797913 40.008623
0.800362 39.995432
0.802811 39.981034
0.805261 39.965393
0.807710 39.948473
0.810159 39.930242
0.812609 39.910669
0.815058 39.889722
0.817507 39.867375
0.819957 39.843602
0.822406 39.818379
0.824855 39.791685
0.827305 39.763502
0.829754 39.733814
0.832203 39.702610
0.834653 39.669881
0.837102 39.635622
0.839551 39.599833
0.842001 39.562518
0.844450 39.523685
0.846899 39.483350
0.849348 39.441532
0.851798 39.398260
0.854247 39.353566
0.856696 39.307494
0.859146 39.260094
0.861595 39.211427
0.864044 39.161564
0.866494 39.110586
0.868943 39.058590
0.871392 39.005684
0.873842 38.951992
0.876291 38.897655
0.878740 38.842831
0.881189 38.787698
0.883639 38.732453
0.886088 38.677317
0.888537 38.622534
0.890987 38.568372
0.893436 38.515122
0.895886 38.463102
0.898335 38.412652
0.900784 38.364135
0.903233 38.317934
0.905683 38.274446
0.908132 38.234077
0.910581 38.197235
0.913031 38.164321
0.915480 38.135716
0.917929 38.111772
0.920379 38.092800
0.922828 38.079055
0.925277 38.070729
0.927727 38.067940


0.000000 40.009652
0.002828 40.010166
0.005657 40.011706
0.008485 40.014266
0.011313 40.017834
0.014141 40.022395
0.016969 40.027929
0.019798 40.034413
0.022626 40.041818
0.025454 40.050112
0.028282 40.059259
0.031110 40.069219
0.033939 40.079949
0.036767 40.091400
0.039595 40.103522
0.042423 40.116261
0.045252 40.129561
0.048080 40.143359
0.050908 40.157595
0.053736 40.172202
0.056565 40.187112
0.059393 40.202255
0.062221 40.217560
0.065049 40.232952
0.067877 40.248355
0.070706 40.263694
0.073534 40.278888
0.076362 40.293860
0.079190 40.308530
0.082019 40.322816
0.084847 40.336637
0.087675 40.349913
0.090503 40.362562
0.093331 40.374502
0.096160 40.385653
0.098988 40.395933
0.101816 40.405262
0.104645 40.413562
0.107473 40.420753
0.110301 40.426759
0.113129 40.431501
0.115957 40.434905
0.118786 40.436897
0.121614 40.437404
0.124442 40.436355
0.127270 40.433680
0.130099 40.429310
0.132927 40.423180
0.135755 40.415224
0.138583 40.405379
0.141411 40.393584
0.144240 40.379778
0.147068 40.363905
0.149896 40.345906
0.152724 40.325729
0.155553 40.303320
0.158381 40.278628
0.161209 40.251603
0.164037 40.222198
0.166865 40.190366
0.169694 40.156062
0.172522 40.119242
0.175350 40.079866
0.178178 40.037891
0.181007 39.993279
0.183835 39.945990
0.186663 39.895989
0.189491 39.843239
0.192320 39.787704
0.195148 39.729351
0.197976 39.668145
0.200804 39.604054
0.203632 39.537045
0.206461 39.467087
0.209289 39.394149
0.212117 39.318200
0.214945 39.239208
0.217774 39.157145
0.220602 39.071979
0.223430 38.983681
0.226258 38.892221
0.229086 38.797568
0.231915 38.699694
0.234743 38.598566
0.237571 38.494156
0.240399 38.386432
0.243228 38.275364
0.246056 38.160920
0.248884 38.043070
0.251712 37.921781
0.254541 37.797021
0.257369 37.668759
0.260197 37.536961
0.263025 37.401595
0.265854 37.262627
0.268682 37.120023
0.271510 36.973751
0.274338 36.823774
0.277166 36.670060
0.279995 36.512573
0.282823 36.351279

0.282823 36.351279
0.283823 36.351602
0.284823 36.352571
0.285823 36.354185
0.286823 36.356440
0.287822 36.359332
0.288822 36.362856
0.289822 36.367007
0.290822 36.371776
0.291822 36.377156
0.292822 36.383138
0.293822 36.389711
0.294822 36.396864
0.295822 36.404587
0.296822 36.412866
0.297822 36.421688
0.298822 36.431041
0.299822 36.440909
0.300822 36.451278
0.301822 36.462133
0.302822 36.473458
0.303821 36.485239
0.304821 36.497458
0.305821 36.510100
0.306821 36.523148
0.307821 36.536587
0.308821 36.550399
0.309821 36.564568
0.310821 36.579079
0.311821 36.593914
0.312821 36.609058
0.313821 36.624494
0.314821 36.640207
0.315821 36.656181
0.316821 36.672401
0.317820 36.688851
0.318820 36.705516
0.319820 36.722383
0.320820 36.739435
0.321820 36.756660
0.322820 36.774043
0.323820 36.791571
0.324820 36.809230
0.325820 36.827008
0.326820 36.844892
0.327820 36.862869
0.328820 36.880928
0.329820 36.899057
0.330819 36.917245
0.331819 36.935480
0.332819 36.953751
0.333819 36.972049
0.334819 36.990362
0.335819 37.008681
0.336819 37.026997
0.337819 37.045299
0.338819 37.063579
0.339819 37.081828
0.340819 37.100038
0.341819 37.118199
0.342819 37.136304
0.343819 37.154346
0.344818 37.172316
0.345818 37.190207
0.346818 37.208012
0.347818 37.225724
0.348818 37.243336
0.349818 37.260843
0.350818 37.278237
0.351818 37.295512
0.352818 37.312664
0.353818 37.329685
0.354818 37.346570
0.355818 37.363315
0.356818 37.379913
0.357818 37.396361
0.358818 37.412652
0.359818 37.428783
0.360817 37.444749
0.361817 37.460546
0.362817 37.476169
0.363817 37.491615
0.364817 37.506879
0.365817 37.521959
0.366817 37.536849
0.367817 37.551547
0.368817 37.566051
0.369817 37.580355
0.370817 37.594458
0.371817 37.608356
0.372817 37.622047
0.373816 37.635528
0.374816 37.648797
0.375816 37.661851
0.376816 37.674688
0.377816 37.687306
0.378816 37.699702
0.379816 37.711876
0.380816 37.723824
0.381816 37.735546
0.382816 37.747040

0.382816 33.521226
0.385816 33.578181
0.388815 33.636853
0.391815 33.697228
0.394815 33.759289
0.397815 33.823016
0.400815 33.888388
0.403814 33.955380
0.406814 34.023964
0.409814 34.094112
0.412814 34.165792
0.415814 34.238969
0.418813 34.313607
0.421813 34.389665
0.424813 34.467103
0.427813 34.545875
0.430812 34.625935
0.433812 34.707235
0.436812 34.789723
0.439812 34.873346
0.442812 34.958050
0.445811 35.043776
0.448811 35.130467
0.451811 35.218061
0.454811 35.306496
0.457811 35.395708
0.460810 35.485633
0.463810 35.576204
0.466810 35.667354
0.469810 35.759014
0.472809 35.851115
0.475809 35.943588
0.478809 36.036361
0.481809 36.129363
0.484809 36.222525
0.487808 36.315773
0.490808 36.409038
0.493808 36.502248
0.496808 36.595331
0.499808 36.688218
0.502807 36.780837
0.505807 36.873121
0.508807 36.965000
0.511807 37.056406
0.514807 37.147272
0.517806 37.237533
0.520806 37.327125
0.523806 37.415982
0.526806 37.504045
0.529806 37.591251
0.532805 37.677542
0.535805 37.762860
0.538805 37.847150
0.541805 37.930356
0.544805 38.012427
0.547804 38.093311
0.550804 38.172959
0.553804 38.251325
0.556804 38.328362
0.559803 38.404028
0.562803 38.478279
0.565803 38.551078
0.568803 38.622385
0.571803 38.692164
0.574802 38.760381
0.577802 38.827004
0.580802 38.892002
0.583802 38.955345
0.586801 39.017007
0.589801 39.076961
0.592801 39.135185
0.595801 39.191655
0.598801 39.246350
0.601800 39.299252
0.604800 39.350343
0.607800 39.399605
0.610800 39.447024
0.613800 39.492586
0.616799 39.536277
0.619799 39.578087
0.622799 39.618005
0.625799 39.656021
0.628799 39.692126
0.631798 39.726313
0.634798 39.758576
0.637798 39.788907
0.640798 39.817301
0.643798 39.843754
0.646797 39.868261
0.649797 39.890819
0.652797 39.911424
0.655797 39.930074
0.658797 39.946766
0.661796 39.961499
0.664796 39.974270
0.667796 39.985079
0.670796 39.993924
0.673795 40.000804
0.676795 40.005719
0.679795 40.008669
0.682795 40.009652

0.682795 40.009652
0.685244 40.008939
0.687693 40.006801
0.690143 40.003239
0.692592 39.998256
0.695041 39.991855
0.697491 39.984040
0.699940 39.974816
0.702389 39.964189
0.704839 39.952166
0.707288 39.938755
0.709737 39.923965
0.712187 39.907806
0.714636 39.890289
0.717085 39.871425
0.719535 39.851227
0.721984 39.829710
0.724433 39.806887
0.726882 39.782775
0.729332 39.757391
0.731781 39.730753
0.734231 39.702879
0.736680 39.673791
0.739129 39.643508
0.741578 39.612054
0.744028 39.579452
0.746477 39.545725
0.748926 39.510901
0.751376 39.475006
0.753825 39.438066
0.756274 39.400113
0.758724 39.361175
0.761173 39.321283
0.763622 39.280471
0.766072 39.238772
0.768521 39.196220
0.770970 39.152852
0.773420 39.108703
0.775869 39.063813
0.778318 39.018219
0.780767 38.971963
0.783217 38.925085
0.785666 38.877628
0.788115 38.829634
0.790565 38.781148
0.793014 38.732216
0.795463 38.682882
0.797913 38.633194
0.800362 38.583199
0.802811 38.532947
0.805261 38.482486
0.807710 38.431866
0.810159 38.381138
0.812609 38.330352
0.815058 38.279562
0.817507 38.228818
0.819957 38.178174
0.822406 38.127682
0.824855 38.077396
0.827305 38.027369
0.829754 37.977655
0.832203 37.928306
0.834653 37.879378
0.837102 37.830924
0.839551 37.782997
0.842001 37.735649
0.844450 37.688935
0.846899 37.642907
0.849348 37.597615
0.851798 37.553114
0.854247 37.509451
0.856696 37.466679
0.859146 37.424847
0.861595 37.384002
0.864044 37.344192
0.866494 37.305464
0.868943 37.267863
0.871392 37.231434
0.873842 37.196218
0.876291 37.162259
0.878740 37.129596
0.881189 37.098269
0.883639 37.068314
0.886088 37.039767
0.888537 37.012662
0.890987 36.987033
0.893436 36.962909
0.895886 36.940320
0.898335 36.919292
0.900784 36.899852
0.903233 36.882023
0.905683 36.865826
0.908132 36.851281
0.910581 36.838406
0.913031 36.827215
0.915480 36.817723
0.917929 36.809941
0.920379 36.803879
0.922828 36.799543
0.925277 36.796940
0.927727 36.796072


0.000000 40.009652
0.002828 40.008548
0.005657 40.005237
0.008485 39.999720
0.011313 39.991995
0.014141 39.982064
0.016969 39.969927
0.019798 39.955583
0.022626 39.939034
0.025454 39.920280
0.028282 39.899322
0.031110 39.876161
0.033939 39.850797
0.036767 39.823233
0.039595 39.793470
0.042423 39.761510
0.045252 39.727356
0.048080 39.691010
0.050908 39.652475
0.053736 39.611756
0.056565 39.568856
0.059393 39.523781
0.062221 39.476536
0.065049 39.427127
0.067877 39.375561
0.070706 39.321846
0.073534 39.265991
0.076362 39.208005
0.079190 39.147898
0.082019 39.085683
0.084847 39.021371
0.087675 38.954976
0.090503 38.886513
0.093331 38.815997
0.096160 38.743447
0.098988 38.668881
0.101816 38.592319
0.104645 38.513781
0.107473 38.433291
0.110301 38.350873
0.113129 38.266554
0.115957 38.180360
0.118786 38.092320
0.121614 38.002466
0.124442 37.910830
0.127270 37.817447
0.130099 37.722353
0.132927 37.625587
0.135755 37.527188
0.138583 37.427199
0.141411 37.325666
0.144240 37.222633
0.147068 37.118152
0.149896 37.012273
0.152724 36.905051
0.155553 36.796542
0.158381 36.686807
0.161209 36.575907
0.164037 36.463909
0.166865 36.350881
0.169694 36.236896
0.172522 36.122031
0.175350 36.006365
0.178178 35.889983
0.181007 35.772974
0.183835 35.655433
0.186663 35.537457
0.189491 35.419153
0.192320 35.300632
0.195148 35.182011
0.197976 35.063416
0.200804 34.944981
0.203632 34.826847
0.206461 34.709164
0.209289 34.592095
0.212117 34.475812
0.214945 34.360499
0.217774 34.246351
0.220602 34.133580
0.223430 34.022411
0.226258 33.913082
0.229086 33.805852
0.231915 33.700992
0.234743 33.598793
0.237571 33.499564
0.240399 33.403628
0.243228 33.311329
0.246056 33.223022
0.248884 33.139080
0.251712 33.059884
0.254541 32.985824
0.257369 32.917291
0.260197 32.854674
0.263025 32.798355
0.265854 32.748694
0.268682 32.706032
0.271510 32.670673
0.274338 32.642881
0.277166 32.622870
0.279995 32.610798
0.282823 32.606764

0.282823 36.351279
0.283823 36.350875
0.284823 36.349664
0.285823 36.347645
0.286823 36.344819
0.287822 36.341186
0.288822 36.336746
0.289822 36.331499
0.290822 36.325447
0.291822 36.318588
0.292822 36.310925
0.293822 36.302457
0.294822 36.293185
0.295822 36.283109
0.296822 36.272231
0.297822 36.260552
0.298822 36.248071
0.299822 36.234791
0.300822 36.220711
0.301822 36.205833
0.302822 36.190159
0.303821 36.173689
0.304821 36.156424
0.305821 36.138366
0.306821 36.119516
0.307821 36.099876
0.308821 36.079446
0.309821 36.058229
0.310821 36.036226
0.311821 36.013438
0.312821 35.989867
0.313821 35.965515
0.314821 35.940383
0.315821 35.914475
0.316821 35.887790
0.317820 35.860331
0.318820 35.832101
0.319820 35.803101
0.320820 35.773333
0.321820 35.742800
0.322820 35.711503
0.323820 35.679446
0.324820 35.646629
0.325820 35.613056
0.326820 35.578728
0.327820 35.543649
0.328820 35.507821
0.329820 35.471246
0.330819 35.433926
0.331819 35.395866
0.332819 35.357066
0.333819 35.317531
0.334819 35.277262
0.335819 35.236262
0.336819 35.194535
0.337819 35.152083
0.338819 35.108910
0.339819 35.065017
0.340819 35.020409
0.341819 34.975088
0.342819 34.929057
0.343819 34.882320
0.344818 34.834880
0.345818 34.786739
0.346818 34.737902
0.347818 34.688372
0.348818 34.638151
0.349818 34.587244
0.350818 34.535654
0.351818 34.483383
0.352818 34.430437
0.353818 34.376818
0.354818 34.322529
0.355818 34.267576
0.356818 34.211960
0.357818 34.155686
0.358818 34.098758
0.359818 34.041179
0.360817 33.982954
0.361817 33.924085
0.362817 33.864578
0.363817 33.804435
0.364817 33.743661
0.365817 33.682260
0.366817 33.620236
0.367817 33.557593
0.368817 33.494335
0.369817 33.430466
0.370817 33.365991
0.371817 33.300914
0.372817 33.235239
0.373816 33.168972
0.374816 33.102116
0.375816 33.034676
0.376816 32.966658
0.377816 32.898065
0.378816 32.828905
0.379816 32.759181
0.380816 32.688900
0.381816 32.618068
0.382816 32.546693

0.382816 37.747040
0.385816 37.780139
0.388815 37.811140
0.391815 37.840019
0.394815 37.866763
0.397815 37.891364
0.400815 37.913828
0.403814 37.934165
0.406814 37.952397
0.409814 37.968554
0.412814 37.982675
0.415814 37.994808
0.418813 38.005010
0.421813 38.013347
0.424813 38.019894
0.427813 38.024736
0.430812 38.027966
0.433812 38.029685
0.436812 38.030005
0.439812 38.029045
0.442812 38.026932
0.445811 38.023802
0.448811 38.019797
0.451811 38.015066
0.454811 38.009764
0.457811 38.004052
0.460810 37.998095
0.463810 37.992061
0.466810 37.986122
0.469810 37.980448
0.472809 37.975212
0.475809 37.970586
0.478809 37.966737
0.481809 37.963830
0.484809 37.962024
0.487808 37.961472
0.490808 37.962319
0.493808 37.964701
0.496808 37.968742
0.499808 37.974559
0.502807 37.982252
0.505807 37.991912
0.508807 38.003614
0.511807 38.017421
0.514807 38.033380
0.517806 38.051525
0.520806 38.071874
0.523806 38.094433
0.526806 38.119193
0.529806 38.146131
0.532805 38.175211
0.535805 38.206387
0.538805 38.239599
0.541805 38.274776
0.544805 38.311839
0.547804 38.350698
0.550804 38.391255
0.553804 38.433406
0.556804 38.477039
0.559803 38.522035
0.562803 38.568273
0.565803 38.615625
0.568803 38.663961
0.571803 38.713148
0.574802 38.763051
0.577802 38.813533
0.580802 38.864457
0.583802 38.915684
0.586801 38.967078
0.589801 39.018501
0.592801 39.069818
0.595801 39.120893
0.598801 39.171595
0.601800 39.221794
0.604800 39.271360
0.607800 39.320171
0.610800 39.368103
0.613800 39.415038
0.616799 39.460862
0.619799 39.505462
0.622799 39.548733
0.625799 39.590570
0.628799 39.630874
0.631798 39.669551
0.634798 39.706511
0.637798 39.741668
0.640798 39.774941
0.643798 39.806255
0.646797 39.835538
0.649797 39.862725
0.652797 39.887753
0.655797 39.910569
0.658797 39.931119
0.661796 39.949360
0.664796 39.965250
0.667796 39.978755
0.670796 39.989846
0.673795 39.998496
0.676795 40.004689
0.679795 40.008410
0.682795 40.009652

0.682795 40.009652
0.685244 40.008939
0.687693 40.006801
0.690143 40.003239
0.692592 39.998256
0.695041 39.991855
0.697491 39.984040
0.699940 39.974816
0.702389 39.964189
0.704839 39.952166
0.707288 39.938755
0.709737 39.923965
0.712187 39.907806
0.714636 39.890289
0.717085 39.871425
0.719535 39.851227
0.721984 39.829710
0.724433 39.806887
0.726882 39.782775
0.729332 39.757391
0.731781 39.730753
0.734231 39.702879
0.736680 39.673791
0.739129 39.643508
0.741578 39.612054
0.744028 39.579452
0.746477 39.545725
0.748926 39.510901
0.751376 39.475006
0.753825 39.438066
0.756274 39.400113
0.758724 39.361175
0.761173 39.321283
0.763622 39.280471
0.766072 39.238772
0.768521 39.196220
0.770970 39.152852
0.773420 39.108703
0.775869 39.063813
0.778318 39.018219
0.780767 38.971963
0.783217 38.925085
0.785666 38.877628
0.788115 38.829634
0.790565 38.781148
0.793014 38.732216
0.795463 38.682882
0.797913 38.633194
0.800362 38.583199
0.802811 38.532947
0.805261 38.482486
0.807710 38.431866
0.810159 38.381138
0.812609 38.330352
0.815058 38.279562
0.817507 38.228818
0.819957 38.178174
0.822406 38.127682
0.824855 38.077396
0.827305 38.027369
0.829754 37.977655
0.832203 37.928306
0.834653 37.879378
0.837102 37.830924
0.839551 37.782997
0.842001 37.735649
0.844450 37.688935
0.846899 37.642907
0.849348 37.597615
0.851798 37.553114
0.854247 37.509451
0.856696 37.466679
0.859146 37.424847
0.861595 37.384002
0.864044 37.344192
0.866494 37.305464
0.868943 37.267863
0.871392 37.231434
0.873842 37.196218
0.876291 37.162259
0.878740 37.129596
0.881189 37.098269
0.883639 37.068314
0.886088 37.039767
0.888537 37.012662
0.890987 36.987033
0.893436 36.962909
0.895886 36.940320
0.898335 36.919292
0.900784 36.899852
0.903233 36.882023
0.905683 36.865826
0.908132 36.851281
0.910581 36.838406
0.913031 36.827215
0.915480 36.817723
0.917929 36.809941
0.920379 36.803879
0.922828 36.799543
0.925277 36.796940
0.927727 36.796072


