# End points of segments: 
#   0.00000000 0.28282290 0.38281580 0.68279480 0.92772660 
0.000000 -0.000000
0.002828 0.345485
0.005657 0.690915
0.008485 1.036234
0.011313 1.381387
0.014141 1.726319
0.016969 2.070974
0.019798 2.415295
0.022626 2.759227
0.025454 3.102711
0.028282 3.445691
0.031110 3.788109
0.033939 4.129906
0.036767 4.471024
0.039595 4.811401
0.042423 5.150979
0.045252 5.489696
0.048080 5.827491
0.050908 6.164301
0.053736 6.500063
0.056565 6.834714
0.059393 7.168190
0.062221 7.500425
0.065049 7.831355
0.067877 8.160914
0.070706 8.489035
0.073534 8.815652
0.076362 9.140697
0.079190 9.464104
0.082019 9.785805
0.084847 10.105732
0.087675 10.423817
0.090503 10.739994
0.093331 11.054193
0.096160 11.366348
0.098988 11.676391
0.101816 11.984257
0.104645 12.289877
0.107473 12.593187
0.110301 12.894122
0.113129 13.192616
0.115957 13.488607
0.118786 13.782031
0.121614 14.072826
0.124442 14.360932
0.127270 14.646287
0.130099 14.928835
0.132927 15.208515
0.135755 15.485273
0.138583 15.759052
0.141411 16.029799
0.144240 16.297459
0.147068 16.561980
0.149896 16.823312
0.152724 17.081403
0.155553 17.336205
0.158381 17.587668
0.161209 17.835745
0.164037 18.080388
0.166865 18.321549
0.169694 18.559181
0.172522 18.793235
0.175350 19.023663
0.178178 19.250416
0.181007 19.473443
0.183835 19.692691
0.186663 19.908106
0.189491 20.119630
0.192320 20.327203
0.195148 20.530761
0.197976 20.730235
0.200804 20.925551
0.203632 21.116629
0.206461 21.303383
0.209289 21.485720
0.212117 21.663539
0.214945 21.836728
0.217774 22.005167
0.220602 22.168727
0.223430 22.327264
0.226258 22.480626
0.229086 22.628646
0.231915 22.771146
0.234743 22.907933
0.237571 23.038803
0.240399 23.163538
0.243228 23.281911
0.246056 23.393681
0.248884 23.498600
0.251712 23.596412
0.254541 23.686860
0.257369 23.769683
0.260197 23.844625
0.263025 23.911438
0.265854 23.969886
0.268682 24.019751
0.271510 24.060837
0.274338 24.092977
0.277166 24.116035
0.279995 24.129910
0.282823 24.134542

0.282823 24.134542
0.283823 24.134396
0.284823 24.133959
0.285823 24.133229
0.286823 24.132208
0.287822 24.130896
0.288822 24.129291
0.289822 24.127395
0.290822 24.125206
0.291822 24.122726
0.292822 24.119953
0.293822 24.116889
0.294822 24.113531
0.295822 24.109882
0.296822 24.105939
0.297822 24.101704
0.298822 24.097175
0.299822 24.092354
0.300822 24.087239
0.301822 24.081830
0.302822 24.076128
0.303821 24.070132
0.304821 24.063841
0.305821 24.057256
0.306821 24.050376
0.307821 24.043201
0.308821 24.035730
0.309821 24.027964
0.310821 24.019902
0.311821 24.011544
0.312821 24.002889
0.313821 23.993937
0.314821 23.984688
0.315821 23.975142
0.316821 23.965297
0.317820 23.955154
0.318820 23.944712
0.319820 23.933971
0.320820 23.922931
0.321820 23.911591
0.322820 23.899950
0.323820 23.888009
0.324820 23.875766
0.325820 23.863221
0.326820 23.850375
0.327820 23.837226
0.328820 23.823774
0.329820 23.810018
0.330819 23.795958
0.331819 23.781594
0.332819 23.766925
0.333819 23.751951
0.334819 23.736670
0.335819 23.721083
0.336819 23.705189
0.337819 23.688987
0.338819 23.672477
0.339819 23.655659
0.340819 23.638531
0.341819 23.621094
0.342819 23.603346
0.343819 23.585288
0.344818 23.566918
0.345818 23.548236
0.346818 23.529242
0.347818 23.509934
0.348818 23.490313
0.349818 23.470378
0.350818 23.450128
0.351818 23.429562
0.352818 23.408680
0.353818 23.387482
0.354818 23.365966
0.355818 23.344133
0.356818 23.321981
0.357818 23.299511
0.358818 23.276720
0.359818 23.253610
0.360817 23.230179
0.361817 23.206426
0.362817 23.182352
0.363817 23.157954
0.364817 23.133234
0.365817 23.108190
0.366817 23.082821
0.367817 23.057128
0.368817 23.031109
0.369817 23.004763
0.370817 22.978091
0.371817 22.951092
0.372817 22.923765
0.373816 22.896109
0.374816 22.868124
0.375816 22.839810
0.376816 22.811165
0.377816 22.782189
0.378816 22.752882
0.379816 22.723244
0.380816 22.693272
0.381816 22.662968
0.382816 22.632330

0.382816 22.632330
0.385816 22.538409
0.388815 22.441466
0.391815 22.341489
0.394815 22.238462
0.397815 22.132374
0.400815 22.023213
0.403814 21.910968
0.406814 21.795627
0.409814 21.677181
0.412814 21.555622
0.415814 21.430941
0.418813 21.303132
0.421813 21.172187
0.424813 21.038103
0.427813 20.900876
0.430812 20.760502
0.433812 20.616981
0.436812 20.470310
0.439812 20.320492
0.442812 20.167528
0.445811 20.011422
0.448811 19.852177
0.451811 19.689799
0.454811 19.524295
0.457811 19.355674
0.460810 19.183945
0.463810 19.009119
0.466810 18.831209
0.469810 18.650227
0.472809 18.466188
0.475809 18.279110
0.478809 18.089008
0.481809 17.895903
0.484809 17.699814
0.487808 17.500763
0.490808 17.298772
0.493808 17.093865
0.496808 16.886067
0.499808 16.675405
0.502807 16.461907
0.505807 16.245601
0.508807 16.026516
0.511807 15.804685
0.514807 15.580140
0.517806 15.352913
0.520806 15.123039
0.523806 14.890553
0.526806 14.655492
0.529806 14.417892
0.532805 14.177792
0.535805 13.935232
0.538805 13.690251
0.541805 13.442889
0.544805 13.193189
0.547804 12.941192
0.550804 12.686942
0.553804 12.430483
0.556804 12.171858
0.559803 11.911113
0.562803 11.648294
0.565803 11.383446
0.568803 11.116617
0.571803 10.847852
0.574802 10.577201
0.577802 10.304711
0.580802 10.030431
0.583802 9.754408
0.586801 9.476694
0.589801 9.197336
0.592801 8.916385
0.595801 8.633890
0.598801 8.349903
0.601800 8.064473
0.604800 7.777651
0.607800 7.489488
0.610800 7.200035
0.613800 6.909343
0.616799 6.617464
0.619799 6.324448
0.622799 6.030346
0.625799 5.735212
0.628799 5.439095
0.631798 5.142049
0.634798 4.844123
0.637798 4.545371
0.640798 4.245843
0.643798 3.945591
0.646797 3.644668
0.649797 3.343125
0.652797 3.041013
0.655797 2.738384
0.658797 2.435290
0.661796 2.131783
0.664796 1.827914
0.667796 1.523735
0.670796 1.219298
0.673795 0.914654
0.676795 0.609856
0.679795 0.304954
0.682795 -0.000000

0.682795 -0.000000
0.685244 0.266776
0.687693 0.533484
0.690143 0.800053
0.692592 1.066415
0.695041 1.332502
0.697491 1.598245
0.699940 1.863575
0.702389 2.128424
0.704839 2.392726
0.707288 2.656411
0.709737 2.919414
0.712187 3.181668
0.714636 3.443107
0.717085 3.703665
0.719535 3.963278
0.721984 4.221881
0.724433 4.479410
0.726882 4.735803
0.729332 4.990997
0.731781 5.244930
0.734231 5.497542
0.736680 5.748772
0.739129 5.998561
0.741578 6.246851
0.744028 6.493583
0.746477 6.738701
0.748926 6.982148
0.751376 7.223869
0.753825 7.463809
0.756274 7.701916
0.758724 7.938135
0.761173 8.172416
0.763622 8.404706
0.766072 8.634955
0.768521 8.863114
0.770970 9.089133
0.773420 9.312965
0.775869 9.534561
0.778318 9.753875
0.780767 9.970861
0.783217 10.185474
0.785666 10.397667
0.788115 10.607398
0.790565 10.814621
0.793014 11.019294
0.795463 11.221374
0.797913 11.420818
0.800362 11.617583
0.802811 11.811629
0.805261 12.002912
0.807710 12.191393
0.810159 12.377029
0.812609 12.559779
0.815058 12.739603
0.817507 12.916459
0.819957 13.090307
0.822406 13.261105
0.824855 13.428813
0.827305 13.593389
0.829754 13.754793
0.832203 13.912983
0.834653 14.067917
0.837102 14.219554
0.839551 14.367851
0.842001 14.512768
0.844450 14.654261
0.846899 14.792289
0.849348 14.926808
0.851798 15.057776
0.854247 15.185151
0.856696 15.308889
0.859146 15.428948
0.861595 15.545284
0.864044 15.657855
0.866494 15.766619
0.868943 15.871532
0.871392 15.972553
0.873842 16.069641
0.876291 16.162753
0.878740 16.251849
0.881189 16.336891
0.883639 16.417837
0.886088 16.494651
0.888537 16.567296
0.890987 16.635735
0.893436 16.699934
0.895886 16.759860
0.898335 16.815482
0.900784 16.866770
0.903233 16.913696
0.905683 16.956235
0.908132 16.994362
0.910581 17.028056
0.913031 17.057297
0.915480 17.082069
0.917929 17.102357
0.920379 17.118149
0.922828 17.129435
0.925277 17.136210
0.927727 17.138469


0.000000 0.000000
0.002828 0.345485
0.005657 0.690915
0.008485 1.036234
0.011313 1.381387
0.014141 1.726319
0.016969 2.070974
0.019798 2.415295
0.022626 2.759227
0.025454 3.102711
0.028282 3.445691
0.031110 3.788109
0.033939 4.129906
0.036767 4.471024
0.039595 4.811401
0.042423 5.150979
0.045252 5.489696
0.048080 5.827491
0.050908 6.164301
0.053736 6.500063
0.056565 6.834714
0.059393 7.168190
0.062221 7.500425
0.065049 7.831355
0.067877 8.160914
0.070706 8.489035
0.073534 8.815652
0.076362 9.140697
0.079190 9.464104
0.082019 9.785805
0.084847 10.105732
0.087675 10.423817
0.090503 10.739994
0.093331 11.054193
0.096160 11.366348
0.098988 11.676391
0.101816 11.984257
0.104645 12.289877
0.107473 12.593187
0.110301 12.894122
0.113129 13.192616
0.115957 13.488607
0.118786 13.782031
0.121614 14.072826
0.124442 14.360932
0.127270 14.646287
0.130099 14.928835
0.132927 15.208515
0.135755 15.485273
0.138583 15.759052
0.141411 16.029799
0.144240 16.297459
0.147068 16.561980
0.149896 16.823312
0.152724 17.081403
0.155553 17.336205
0.158381 17.587668
0.161209 17.835746
0.164037 18.080388
0.166865 18.321549
0.169694 18.559181
0.172522 18.793235
0.175350 19.023663
0.178178 19.250416
0.181007 19.473443
0.183835 19.692691
0.186663 19.908106
0.189491 20.119630
0.192320 20.327203
0.195148 20.530761
0.197976 20.730235
0.200804 20.925551
0.203632 21.116629
0.206461 21.303383
0.209289 21.485720
0.212117 21.663539
0.214945 21.836728
0.217774 22.005167
0.220602 22.168727
0.223430 22.327264
0.226258 22.480626
0.229086 22.628646
0.231915 22.771146
0.234743 22.907933
0.237571 23.038803
0.240399 23.163538
0.243228 23.281911
0.246056 23.393681
0.248884 23.498600
0.251712 23.596412
0.254541 23.686860
0.257369 23.769683
0.260197 23.844625
0.263025 23.911438
0.265854 23.969886
0.268682 24.019751
0.271510 24.060837
0.274338 24.092977
0.277166 24.116035
0.279995 24.129910
0.282823 24.134542

0.282823 24.134542
0.283823 24.135266
0.284823 24.137437
0.285823 24.141055
0.286823 24.146119
0.287822 24.152626
0.288822 24.160575
0.289822 24.169963
0.290822 24.180785
0.291822 24.193040
0.292822 24.206722
0.293822 24.221826
0.294822 24.238348
0.295822 24.256281
0.296822 24.275620
0.297822 24.296358
0.298822 24.318487
0.299822 24.342001
0.300822 24.366890
0.301822 24.393148
0.302822 24.420764
0.303821 24.449730
0.304821 24.480035
0.305821 24.511671
0.306821 24.544626
0.307821 24.578889
0.308821 24.614449
0.309821 24.651294
0.310821 24.689413
0.311821 24.728793
0.312821 24.769422
0.313821 24.811286
0.314821 24.854372
0.315821 24.898667
0.316821 24.944157
0.317820 24.990827
0.318820 25.038663
0.319820 25.087651
0.320820 25.137774
0.321820 25.189019
0.322820 25.241370
0.323820 25.294811
0.324820 25.349327
0.325820 25.404900
0.326820 25.461516
0.327820 25.519158
0.328820 25.577808
0.329820 25.637451
0.330819 25.698070
0.331819 25.759647
0.332819 25.822166
0.333819 25.885610
0.334819 25.949961
0.335819 26.015201
0.336819 26.081314
0.337819 26.148281
0.338819 26.216086
0.339819 26.284710
0.340819 26.354136
0.341819 26.424347
0.342819 26.495323
0.343819 26.567049
0.344818 26.639505
0.345818 26.712674
0.346818 26.786539
0.347818 26.861081
0.348818 26.936283
0.349818 27.012128
0.350818 27.088596
0.351818 27.165671
0.352818 27.243336
0.353818 27.321572
0.354818 27.400362
0.355818 27.479688
0.356818 27.559534
0.357818 27.639882
0.358818 27.720714
0.359818 27.802014
0.360817 27.883765
0.361817 27.965949
0.362817 28.048550
0.363817 28.131550
0.364817 28.214934
0.365817 28.298684
0.366817 28.382784
0.367817 28.467219
0.368817 28.551970
0.369817 28.637023
0.370817 28.722361
0.371817 28.807968
0.372817 28.893829
0.373816 28.979928
0.374816 29.066250
0.375816 29.152778
0.376816 29.239497
0.377816 29.326393
0.378816 29.413451
0.379816 29.500654
0.380816 29.587989
0.381816 29.675440
0.382816 29.762993

0.382816 29.762993
0.385816 30.026115
0.388815 30.289622
0.391815 30.553094
0.394815 30.816019
0.397815 31.077303
0.400815 31.315267
0.403814 31.607144
0.406814 31.864289
0.409814 32.120962
0.412814 32.375849
0.415814 32.628489
0.418813 32.878567
0.421813 33.125815
0.424813 33.369995
0.427813 33.610882
0.430812 33.848268
0.433812 34.081958
0.436812 34.311769
0.439812 34.537530
0.442812 34.759079
0.445811 34.976269
0.448811 35.188959
0.451811 35.397021
0.454811 35.600338
0.457811 35.798802
0.460810 35.992313
0.463810 36.180784
0.466810 36.364136
0.469810 36.542298
0.472809 36.715209
0.475809 36.882819
0.478809 37.045084
0.481809 37.201969
0.484809 37.353449
0.487808 37.499506
0.490808 37.640131
0.493808 37.775322
0.496808 37.905085
0.499808 38.029435
0.502807 38.148393
0.505807 38.261989
0.508807 38.370258
0.511807 38.473243
0.514807 38.570996
0.517806 38.663572
0.520806 38.751036
0.523806 38.833458
0.526806 38.910915
0.529806 38.983487
0.532805 39.051265
0.535805 39.114343
0.538805 39.172820
0.541805 39.226801
0.544805 39.276398
0.547804 39.321726
0.550804 39.362905
0.553804 39.400061
0.556804 39.433322
0.559803 39.462823
0.562803 39.488701
0.565803 39.511098
0.568803 39.530157
0.571803 39.546028
0.574802 39.558861
0.577802 39.568809
0.580802 39.576028
0.583802 39.580677
0.586801 39.582913
0.589801 39.582898
0.592801 39.580795
0.595801 39.576764
0.598801 39.570969
0.601800 39.563573
0.604800 39.554737
0.607800 39.544623
0.610800 39.533391
0.613800 39.521199
0.616799 39.508203
0.619799 39.494556
0.622799 39.480409
0.625799 39.465910
0.628799 39.451202
0.631798 39.436424
0.634798 39.421711
0.637798 39.407192
0.640798 39.392990
0.643798 39.379225
0.646797 39.366008
0.649797 39.353444
0.652797 39.341632
0.655797 39.330661
0.658797 39.320616
0.661796 39.311572
0.664796 39.303596
0.667796 39.296747
0.670796 39.291074
0.673795 39.286618
0.676795 39.283413
0.679795 39.281480
0.682795 39.280834

0.682795 0.000000
0.685244 0.266776
0.687693 0.533484
0.690143 0.800053
0.692592 1.066415
0.695041 1.332502
0.697491 1.598245
0.699940 1.863575
0.702389 2.128424
0.704839 2.392726
0.707288 2.656411
0.709737 2.919414
0.712187 3.181668
0.714636 3.443107
0.717085 3.703665
0.719535 3.963278
0.721984 4.221881
0.724433 4.479410
0.726882 4.735803
0.729332 4.990997
0.731781 5.244930
0.734231 5.497542
0.736680 5.748772
0.739129 5.998561
0.741578 6.246851
0.744028 6.493583
0.746477 6.738701
0.748926 6.982148
0.751376 7.223869
0.753825 7.463809
0.756274 7.701916
0.758724 7.938135
0.761173 8.172416
0.763622 8.404706
0.766072 8.634955
0.768521 8.863114
0.770970 9.089133
0.773420 9.312965
0.775869 9.534561
0.778318 9.753875
0.780767 9.970861
0.783217 10.185474
0.785666 10.397667
0.788115 10.607398
0.790565 10.814621
0.793014 11.019294
0.795463 11.221374
0.797913 11.420818
0.800362 11.617583
0.802811 11.811629
0.805261 12.002912
0.807710 12.191393
0.810159 12.377029
0.812609 12.559779
0.815058 12.739603
0.817507 12.916459
0.819957 13.090307
0.822406 13.261105
0.824855 13.428813
0.827305 13.593389
0.829754 13.754793
0.832203 13.912983
0.834653 14.067917
0.837102 14.219554
0.839551 14.367851
0.842001 14.512768
0.844450 14.654261
0.846899 14.792289
0.849348 14.926808
0.851798 15.057776
0.854247 15.185151
0.856696 15.308889
0.859146 15.428948
0.861595 15.545284
0.864044 15.657855
0.866494 15.766619
0.868943 15.871532
0.871392 15.972553
0.873842 16.069641
0.876291 16.162753
0.878740 16.251849
0.881189 16.336891
0.883639 16.417837
0.886088 16.494651
0.888537 16.567296
0.890987 16.635735
0.893436 16.699934
0.895886 16.759860
0.898335 16.815482
0.900784 16.866770
0.903233 16.913696
0.905683 16.956235
0.908132 16.994362
0.910581 17.028056
0.913031 17.057297
0.915480 17.082069
0.917929 17.102357
0.920379 17.118149
0.922828 17.129435
0.925277 17.136210
0.927727 17.138469


0.000000 0.000001
0.002828 0.498624
0.005657 0.997161
0.008485 1.495524
0.011313 1.993626
0.014141 2.491379
0.016969 2.988697
0.019798 3.485492
0.022626 3.981676
0.025454 4.477161
0.028282 4.971859
0.031110 5.465680
0.033939 5.958537
0.036767 6.450338
0.039595 6.940996
0.042423 7.430419
0.045252 7.918517
0.048080 8.405199
0.050908 8.890373
0.053736 9.373948
0.056565 9.855832
0.059393 10.335931
0.062221 10.814155
0.065049 11.290408
0.067877 11.764598
0.070706 12.236632
0.073534 12.706415
0.076362 13.173853
0.079190 13.638854
0.082019 14.101323
0.084847 14.561166
0.087675 15.018289
0.090503 15.472601
0.093331 15.924006
0.096160 16.372414
0.098988 16.817732
0.101816 17.259869
0.104645 17.698734
0.107473 18.134238
0.110301 18.566292
0.113129 18.994808
0.115957 19.419700
0.118786 19.840883
0.121614 20.258274
0.124442 20.671789
0.127270 21.081350
0.130099 21.486877
0.132927 21.888293
0.135755 22.285525
0.138583 22.678500
0.141411 23.067148
0.144240 23.451401
0.147068 23.831194
0.149896 24.206465
0.152724 24.577154
0.155553 24.943204
0.158381 25.304561
0.161209 25.661175
0.164037 26.012998
0.166865 26.359985
0.169694 26.702095
0.172522 27.039290
0.175350 27.371535
0.178178 27.698801
0.181007 28.021059
0.183835 28.338285
0.186663 28.650459
0.189491 28.957565
0.192320 29.259590
0.195148 29.556523
0.197976 29.848359
0.200804 30.135097
0.203632 30.416737
0.206461 30.693284
0.209289 30.964747
0.212117 31.231138
0.214945 31.492471
0.217774 31.748767
0.220602 32.000046
0.223430 32.246333
0.226258 32.487657
0.229086 32.724050
0.231915 32.955543
0.234743 33.182176
0.237571 33.403986
0.240399 33.621015
0.243228 33.833308
0.246056 34.040910
0.248884 34.243870
0.251712 34.442239
0.254541 34.636067
0.257369 34.825408
0.260197 35.010318
0.263025 35.190851
0.265854 35.367066
0.268682 35.539019
0.271510 35.706770
0.274338 35.870377
0.277166 36.029900
0.279995 36.185399
0.282823 36.336933

0.282823 32.999947
0.283823 32.999602
0.284823 32.998566
0.285823 32.996841
0.286823 32.994430
0.287822 32.991334
0.288822 32.987559
0.289822 32.983109
0.290822 32.977989
0.291822 32.972205
0.292822 32.965765
0.293822 32.958676
0.294822 32.950947
0.295822 32.942586
0.296822 32.933604
0.297822 32.924009
0.298822 32.913813
0.299822 32.903027
0.300822 32.891661
0.301822 32.879727
0.302822 32.867239
0.303821 32.854206
0.304821 32.840643
0.305821 32.826561
0.306821 32.811974
0.307821 32.796894
0.308821 32.781334
0.309821 32.765306
0.310821 32.748824
0.311821 32.731901
0.312821 32.714549
0.313821 32.696781
0.314821 32.678609
0.315821 32.660046
0.316821 32.641104
0.317820 32.621796
0.318820 32.602132
0.319820 32.582125
0.320820 32.561786
0.321820 32.541126
0.322820 32.520158
0.323820 32.498890
0.324820 32.477334
0.325820 32.455500
0.326820 32.433399
0.327820 32.411039
0.328820 32.388431
0.329820 32.365584
0.330819 32.342507
0.331819 32.319209
0.332819 32.295697
0.333819 32.271982
0.334819 32.248070
0.335819 32.223969
0.336819 32.199687
0.337819 32.175232
0.338819 32.150610
0.339819 32.125828
0.340819 32.100893
0.341819 32.075811
0.342819 32.050588
0.343819 32.025230
0.344818 31.999744
0.345818 31.974133
0.346818 31.948404
0.347818 31.922562
0.348818 31.896612
0.349818 31.870557
0.350818 31.844403
0.351818 31.818154
0.352818 31.791814
0.353818 31.765387
0.354818 31.738876
0.355818 31.712285
0.356818 31.685617
0.357818 31.658875
0.358818 31.632063
0.359818 31.605183
0.360817 31.578237
0.361817 31.551229
0.362817 31.524160
0.363817 31.497032
0.364817 31.469848
0.365817 31.442609
0.366817 31.415317
0.367817 31.387973
0.368817 31.360578
0.369817 31.333134
0.370817 31.305641
0.371817 31.278101
0.372817 31.250514
0.373816 31.222881
0.374816 31.195201
0.375816 31.167476
0.376816 31.139705
0.377816 31.111888
0.378816 31.084025
0.379816 31.056116
0.380816 31.028160
0.381816 31.000156
0.382816 30.972104

0.382816 30.972104
0.385816 30.887648
0.388815 30.802715
0.391815 30.717261
0.394815 30.631232
0.397815 30.544562
0.400815 30.457173
0.403814 30.368979
0.406814 30.279882
0.409814 30.189773
0.412814 30.098534
0.415814 30.006037
0.418813 29.912144
0.421813 29.816708
0.424813 29.719570
0.427813 29.620567
0.430812 29.519523
0.433812 29.416256
0.436812 29.310576
0.439812 29.202287
0.442812 29.091184
0.445811 28.977057
0.448811 28.859693
0.451811 28.738871
0.454811 28.614367
0.457811 28.485955
0.460810 28.353406
0.463810 28.216490
0.466810 28.074975
0.469810 27.928631
0.472809 27.777228
0.475809 27.620538
0.478809 27.458339
0.481809 27.290408
0.484809 27.116531
0.487808 26.936498
0.490808 26.750106
0.493808 26.557158
0.496808 26.357465
0.499808 26.150850
0.502807 25.937141
0.505807 25.716179
0.508807 25.487812
0.511807 25.251903
0.514807 25.008322
0.517806 24.756953
0.520806 24.497690
0.523806 24.230440
0.526806 23.955122
0.529806 23.671665
0.532805 23.380012
0.535805 23.080117
0.538805 22.771946
0.541805 22.455477
0.544805 22.130699
0.547804 21.797612
0.550804 21.456228
0.553804 21.106571
0.556804 20.748674
0.559803 20.382582
0.562803 20.008348
0.565803 19.626038
0.568803 19.235726
0.571803 18.837497
0.574802 18.431443
0.577802 18.017667
0.580802 17.596281
0.583802 17.167405
0.586801 16.731167
0.589801 16.287703
0.592801 15.837158
0.595801 15.379683
0.598801 14.915439
0.601800 14.444591
0.604800 13.967312
0.607800 13.483784
0.610800 12.994192
0.613800 12.498729
0.616799 11.997594
0.619799 11.490991
0.622799 10.979130
0.625799 10.462228
0.628799 9.940503
0.631798 9.414181
0.634798 8.883493
0.637798 8.348671
0.640798 7.809955
0.643798 7.267586
0.646797 6.721810
0.649797 6.172875
0.652797 5.621035
0.655797 5.066545
0.658797 4.509660
0.661796 3.950643
0.664796 3.389754
0.667796 2.827258
0.670796 2.263420
0.673795 1.698507
0.676795 1.132787
0.679795 0.566528
0.682795 0.000000

0.682795 0.000001
0.685244 0.472400
0.687693 0.944698
0.690143 1.416791
0.692592 1.888579
0.695041 2.359958
0.697491 2.830827
0.699940 3.301085
0.702389 3.770631
0.704839 4.239364
0.707288 4.707184
0.709737 5.173992
0.712187 5.639688
0.714636 6.104173
0.717085 6.567350
0.719535 7.029122
0.721984 7.489391
0.724433 7.948063
0.726882 8.405043
0.729332 8.860236
0.731781 9.313549
0.734231 9.764891
0.736680 10.214170
0.739129 10.661295
0.741578 11.106179
0.744028 11.548733
0.746477 11.988870
0.748926 12.426504
0.751376 12.861551
0.753825 13.293928
0.756274 13.723552
0.758724 14.150343
0.761173 14.574220
0.763622 14.995105
0.766072 15.412921
0.768521 15.827593
0.770970 16.239045
0.773420 16.647203
0.775869 17.051997
0.778318 17.453354
0.780767 17.851204
0.783217 18.245481
0.785666 18.636114
0.788115 19.023040
0.790565 19.406191
0.793014 19.785505
0.795463 20.160918
0.797913 20.532367
0.800362 20.899791
0.802811 21.263130
0.805261 21.622323
0.807710 21.977312
0.810159 22.328037
0.812609 22.674441
0.815058 23.016465
0.817507 23.354051
0.819957 23.687142
0.822406 24.015679
0.824855 24.339603
0.827305 24.658857
0.829754 24.973378
0.832203 25.283108
0.834653 25.587983
0.837102 25.887939
0.839551 26.182910
0.842001 26.472829
0.844450 26.757623
0.846899 27.037218
0.849348 27.311536
0.851798 27.580494
0.854247 27.844006
0.856696 28.101976
0.859146 28.354307
0.861595 28.600892
0.864044 28.841615
0.866494 29.076353
0.868943 29.304973
0.871392 29.527329
0.873842 29.743265
0.876291 29.952611
0.878740 30.155181
0.881189 30.350775
0.883639 30.539176
0.886088 30.720147
0.888537 30.893435
0.890987 31.058766
0.893436 31.215845
0.895886 31.364360
0.898335 31.503980
0.900784 31.634357
0.903233 31.755130
0.905683 31.865926
0.908132 31.966372
0.910581 32.056094
0.913031 32.134730
0.915480 32.201936
0.917929 32.257399
0.920379 32.300844
0.922828 32.332045
0.925277 32.350835
0.927727 32.357110


0.000000 39.280834
0.002828 39.280518
0.005657 39.279568
0.008485 39.277976
0.011313 39.275728
0.014141 39.272808
0.016969 39.269191
0.019798 39.264850
0.022626 39.259753
0.025454 39.253862
0.028282 39.247136
0.031110 39.239530
0.033939 39.230993
0.036767 39.221472
0.039595 39.210912
0.042423 39.199252
0.045252 39.186429
0.048080 39.172380
0.050908 39.157037
0.053736 39.140331
0.056565 39.122192
0.059393 39.102548
0.062221 39.081328
0.065049 39.058459
0.067877 39.033868
0.070706 39.007485
0.073534 38.979236
0.076362 38.949053
0.079190 38.916867
0.082019 38.882610
0.084847 38.846219
0.087675 38.807630
0.090503 38.766785
0.093331 38.723628
0.096160 38.678105
0.098988 38.630168
0.101816 38.579772
0.104645 38.526878
0.107473 38.471448
0.110301 38.413451
0.113129 38.352863
0.115957 38.289663
0.118786 38.223835
0.121614 38.155369
0.124442 38.084263
0.127270 38.010520
0.130099 37.934147
0.132927 37.855160
0.135755 37.773580
0.138583 37.689435
0.141411 37.602761
0.144240 37.513598
0.147068 37.421995
0.149896 37.328007
0.152724 37.231696
0.155553 37.133131
0.158381 37.032388
0.161209 36.929551
0.164037 36.824710
0.166865 36.717963
0.169694 36.609415
0.172522 36.499177
0.175350 36.387370
0.178178 36.274121
0.181007 36.159564
0.183835 36.043842
0.186663 35.927105
0.189491 35.809511
0.192320 35.691225
0.195148 35.572424
0.197976 35.453288
0.200804 35.334011
0.203632 35.214792
0.206461 35.095841
0.209289 34.977378
0.212117 34.859631
0.214945 34.742840
0.217774 34.627254
0.220602 34.513133
0.223430 34.400748
0.226258 34.290380
0.229086 34.182322
0.231915 34.076878
0.234743 33.974361
0.237571 33.875095
0.240399 33.779412
0.243228 33.687651
0.246056 33.600159
0.248884 33.517286
0.251712 33.439382
0.254541 33.366797
0.257369 33.299873
0.260197 33.238944
0.263025 33.184326
0.265854 33.136319
0.268682 33.095195
0.271510 33.061196
0.274338 33.034528
0.277166 33.015358
0.279995 33.003806
0.282823 32.999947

0.282823 32.999947
0.283823 33.000043
0.284823 33.000330
0.285823 33.000808
0.286823 33.001478
0.287822 33.002340
0.288822 33.003393
0.289822 33.004638
0.290822 33.006075
0.291822 33.007705
0.292822 33.009526
0.293822 33.011540
0.294822 33.013746
0.295822 33.016145
0.296822 33.018738
0.297822 33.021523
0.298822 33.024503
0.299822 33.027676
0.300822 33.031044
0.301822 33.034606
0.302822 33.038364
0.303821 33.042316
0.304821 33.046465
0.305821 33.050809
0.306821 33.055351
0.307821 33.060089
0.308821 33.065024
0.309821 33.070158
0.310821 33.075490
0.311821 33.081020
0.312821 33.086750
0.313821 33.092680
0.314821 33.098810
0.315821 33.105141
0.316821 33.111673
0.317820 33.118408
0.318820 33.125344
0.319820 33.132484
0.320820 33.139827
0.321820 33.147374
0.322820 33.155126
0.323820 33.163083
0.324820 33.171245
0.325820 33.179614
0.326820 33.188190
0.327820 33.196973
0.328820 33.205965
0.329820 33.215164
0.330819 33.224573
0.331819 33.234191
0.332819 33.244020
0.333819 33.254059
0.334819 33.264309
0.335819 33.274771
0.336819 33.285445
0.337819 33.296331
0.338819 33.307431
0.339819 33.318744
0.340819 33.330272
0.341819 33.342014
0.342819 33.353970
0.343819 33.366142
0.344818 33.378530
0.345818 33.391134
0.346818 33.403954
0.347818 33.416991
0.348818 33.430244
0.349818 33.443715
0.350818 33.457404
0.351818 33.471310
0.352818 33.485435
0.353818 33.499777
0.354818 33.514338
0.355818 33.529117
0.356818 33.544115
0.357818 33.559331
0.358818 33.574766
0.359818 33.590419
0.360817 33.606291
0.361817 33.622381
0.362817 33.638690
0.363817 33.655217
0.364817 33.671963
0.365817 33.688926
0.366817 33.706106
0.367817 33.723504
0.368817 33.741120
0.369817 33.758951
0.370817 33.776999
0.371817 33.795263
0.372817 33.813742
0.373816 33.832436
0.374816 33.851344
0.375816 33.870465
0.376816 33.889800
0.377816 33.909346
0.378816 33.929105
0.379816 33.949073
0.380816 33.969252
0.381816 33.989640
0.382816 34.010235

0.382816 32.707175
0.385816 32.498148
0.388815 32.284319
0.391815 32.065842
0.394815 31.842977
0.397815 31.616579
0.400815 31.408099
0.403814 31.140091
0.406814 30.900997
0.409814 30.656367
0.412814 30.407337
0.415814 30.154204
0.418813 29.897127
0.421813 29.636231
0.424813 29.371623
0.427813 29.103405
0.430812 28.831675
0.433812 28.556527
0.436812 28.278054
0.439812 27.996347
0.442812 27.711494
0.445811 27.423583
0.448811 27.132700
0.451811 26.838928
0.454811 26.542350
0.457811 26.243046
0.460810 25.941096
0.463810 25.636576
0.466810 25.329562
0.469810 25.020127
0.472809 24.708344
0.475809 24.394283
0.478809 24.078013
0.481809 23.759600
0.484809 23.439110
0.487808 23.116607
0.490808 22.792152
0.493808 22.465807
0.496808 22.137631
0.499808 21.807680
0.502807 21.476012
0.505807 21.142681
0.508807 20.807740
0.511807 20.471243
0.514807 20.133239
0.517806 19.793780
0.520806 19.452914
0.523806 19.110689
0.526806 18.767151
0.529806 18.422347
0.532805 18.076322
0.535805 17.729119
0.538805 17.380784
0.541805 17.031357
0.544805 16.680882
0.547804 16.329399
0.550804 15.976949
0.553804 15.623573
0.556804 15.269309
0.559803 14.914197
0.562803 14.558275
0.565803 14.201580
0.568803 13.844149
0.571803 13.486020
0.574802 13.127227
0.577802 12.767806
0.580802 12.407791
0.583802 12.047217
0.586801 11.686116
0.589801 11.324521
0.592801 10.962462
0.595801 10.599972
0.598801 10.237080
0.601800 9.873814
0.604800 9.510203
0.607800 9.146273
0.610800 8.782051
0.613800 8.417561
0.616799 8.052827
0.619799 7.687872
0.622799 7.322716
0.625799 6.957380
0.628799 6.591884
0.631798 6.226244
0.634798 5.860477
0.637798 5.494599
0.640798 5.128623
0.643798 4.762562
0.646797 4.396428
0.649797 4.030232
0.652797 3.663983
0.655797 3.297689
0.658797 2.931357
0.661796 2.564995
0.664796 2.198608
0.667796 1.832201
0.670796 1.465778
0.673795 1.099343
0.676795 0.732900
0.679795 0.366451
0.682795 0.000001

0.682795 39.280834
0.685244 39.281237
0.687693 39.282442
0.690143 39.284447
0.692592 39.287244
0.695041 39.290825
0.697491 39.295177
0.699940 39.300285
0.702389 39.306133
0.704839 39.312700
0.707288 39.319965
0.709737 39.327902
0.712187 39.336486
0.714636 39.345685
0.717085 39.355469
0.719535 39.365805
0.721984 39.376655
0.724433 39.387981
0.726882 39.399745
0.729332 39.411904
0.731781 39.424414
0.734231 39.437231
0.736680 39.450307
0.739129 39.463593
0.741578 39.477041
0.744028 39.490599
0.746477 39.504214
0.748926 39.517833
0.751376 39.531403
0.753825 39.544867
0.756274 39.558171
0.758724 39.571256
0.761173 39.584067
0.763622 39.596546
0.766072 39.608634
0.768521 39.620274
0.770970 39.631408
0.773420 39.641978
0.775869 39.651925
0.778318 39.661193
0.780767 39.669724
0.783217 39.677461
0.785666 39.684348
0.788115 39.690330
0.790565 39.695352
0.793014 39.699361
0.795463 39.702305
0.797913 39.704131
0.800362 39.704790
0.802811 39.704234
0.805261 39.702416
0.807710 39.699291
0.810159 39.694815
0.812609 39.688948
0.815058 39.681650
0.817507 39.672885
0.819957 39.662619
0.822406 39.650820
0.824855 39.637461
0.827305 39.622514
0.829754 39.605960
0.832203 39.587779
0.834653 39.567957
0.837102 39.546484
0.839551 39.523354
0.842001 39.498567
0.844450 39.472126
0.846899 39.444044
0.849348 39.414335
0.851798 39.383023
0.854247 39.350139
0.856696 39.315721
0.859146 39.279817
0.861595 39.242484
0.864044 39.203787
0.866494 39.163807
0.868943 39.122632
0.871392 39.080367
0.873842 39.037130
0.876291 38.993052
0.878740 38.948286
0.881189 38.902997
0.883639 38.857373
0.886088 38.811619
0.888537 38.765964
0.890987 38.720654
0.893436 38.675961
0.895886 38.632174
0.898335 38.589604
0.900784 38.548582
0.903233 38.509450
0.905683 38.472564
0.908132 38.438286
0.910581 38.406977
0.913031 38.378987
0.915480 38.354651
0.917929 38.334275
0.920379 38.318126
0.922828 38.306426
0.925277 38.299338
0.927727 38.296963


0.000000 39.280834
0.002828 39.281522
0.005657 39.283581
0.008485 39.287004
0.011313 39.291775
0.014141 39.297876
0.016969 39.305281
0.019798 39.313958
0.022626 39.323872
0.025454 39.334982
0.028282 39.347240
0.031110 39.360597
0.033939 39.374996
0.036767 39.390376
0.039595 39.406675
0.042423 39.423823
0.045252 39.441748
0.048080 39.460376
0.050908 39.479628
0.053736 39.499422
0.056565 39.519676
0.059393 39.540302
0.062221 39.561214
0.065049 39.582322
0.067877 39.603535
0.070706 39.624761
0.073534 39.645907
0.076362 39.666880
0.079190 39.687588
0.082019 39.707936
0.084847 39.727832
0.087675 39.747184
0.090503 39.765900
0.093331 39.783890
0.096160 39.801064
0.098988 39.817336
0.101816 39.832619
0.104645 39.846829
0.107473 39.859883
0.110301 39.871703
0.113129 39.882210
0.115957 39.891329
0.118786 39.898987
0.121614 39.905113
0.124442 39.909641
0.127270 39.912503
0.130099 39.913639
0.132927 39.912987
0.135755 39.910492
0.138583 39.906098
0.141411 39.899752
0.144240 39.891406
0.147068 39.881013
0.149896 39.868528
0.152724 39.853907
0.155553 39.837112
0.158381 39.818104
0.161209 39.796847
0.164037 39.773307
0.166865 39.747450
0.169694 39.719246
0.172522 39.688665
0.175350 39.655679
0.178178 39.620260
0.181007 39.582382
0.183835 39.542018
0.186663 39.499145
0.189491 39.453736
0.192320 39.405768
0.195148 39.355216
0.197976 39.302056
0.200804 39.246263
0.203632 39.187811
0.206461 39.126676
0.209289 39.062831
0.212117 38.996249
0.214945 38.926901
0.217774 38.854760
0.220602 38.779794
0.223430 38.701973
0.226258 38.621263
0.229086 38.537631
0.231915 38.451040
0.234743 38.361455
0.237571 38.268836
0.240399 38.173143
0.243228 38.074335
0.246056 37.972367
0.248884 37.867196
0.251712 37.758775
0.254541 37.647055
0.257369 37.531987
0.260197 37.413521
0.263025 37.291604
0.265854 37.166182
0.268682 37.037202
0.271510 36.904606
0.274338 36.768340
0.277166 36.628344
0.279995 36.484562
0.282823 36.336933

0.282823 36.336933
0.283823 36.337219
0.284823 36.338077
0.285823 36.339505
0.286823 36.341501
0.287822 36.344063
0.288822 36.347185
0.289822 36.350865
0.290822 36.355095
0.291822 36.359870
0.292822 36.365183
0.293822 36.371026
0.294822 36.377391
0.295822 36.384269
0.296822 36.391650
0.297822 36.399524
0.298822 36.407881
0.299822 36.416710
0.300822 36.426000
0.301822 36.435738
0.302822 36.445913
0.303821 36.456513
0.304821 36.467524
0.305821 36.478936
0.306821 36.490734
0.307821 36.502906
0.308821 36.515439
0.309821 36.528320
0.310821 36.541537
0.311821 36.555076
0.312821 36.568924
0.313821 36.583069
0.314821 36.597498
0.315821 36.612199
0.316821 36.627159
0.317820 36.642366
0.318820 36.657808
0.319820 36.673473
0.320820 36.689350
0.321820 36.705426
0.322820 36.721692
0.323820 36.738135
0.324820 36.754745
0.325820 36.771511
0.326820 36.788424
0.327820 36.805472
0.328820 36.822647
0.329820 36.839938
0.330819 36.857336
0.331819 36.874832
0.332819 36.892417
0.333819 36.910082
0.334819 36.927819
0.335819 36.945619
0.336819 36.963475
0.337819 36.981378
0.338819 36.999321
0.339819 37.017297
0.340819 37.035298
0.341819 37.053317
0.342819 37.071348
0.343819 37.089384
0.344818 37.107418
0.345818 37.125444
0.346818 37.143456
0.347818 37.161449
0.348818 37.179416
0.349818 37.197352
0.350818 37.215251
0.351818 37.233109
0.352818 37.250920
0.353818 37.268679
0.354818 37.286381
0.355818 37.304023
0.356818 37.321598
0.357818 37.339104
0.358818 37.356535
0.359818 37.373887
0.360817 37.391158
0.361817 37.408342
0.362817 37.425436
0.363817 37.442436
0.364817 37.459339
0.365817 37.476142
0.366817 37.492841
0.367817 37.509433
0.368817 37.525915
0.369817 37.542284
0.370817 37.558537
0.371817 37.574671
0.372817 37.590684
0.373816 37.606573
0.374816 37.622336
0.375816 37.637971
0.376816 37.653474
0.377816 37.668844
0.378816 37.684079
0.379816 37.699177
0.380816 37.714135
0.381816 37.728953
0.382816 37.743627

0.382816 34.010235
0.385816 34.073260
0.388815 34.138118
0.391815 34.204776
0.394815 34.273198
0.397815 34.343342
0.400815 34.415163
0.403814 34.488611
0.406814 34.563634
0.409814 34.640175
0.412814 34.718172
0.415814 34.797560
0.418813 34.878271
0.421813 34.960232
0.424813 35.043369
0.427813 35.127603
0.430812 35.212851
0.433812 35.299029
0.436812 35.386050
0.439812 35.473824
0.442812 35.562258
0.445811 35.651259
0.448811 35.740732
0.451811 35.830579
0.454811 35.920702
0.457811 36.011002
0.460810 36.101379
0.463810 36.191733
0.466810 36.281965
0.469810 36.371974
0.472809 36.461661
0.475809 36.550929
0.478809 36.639679
0.481809 36.727815
0.484809 36.815245
0.487808 36.901874
0.490808 36.987614
0.493808 37.072377
0.496808 37.156077
0.499808 37.238633
0.502807 37.319965
0.505807 37.399998
0.508807 37.478660
0.511807 37.555882
0.514807 37.631599
0.517806 37.705752
0.520806 37.778284
0.523806 37.849142
0.526806 37.918278
0.529806 37.985650
0.532805 38.051219
0.535805 38.114949
0.538805 38.176812
0.541805 38.236783
0.544805 38.294841
0.547804 38.350970
0.550804 38.405160
0.553804 38.457403
0.556804 38.507698
0.559803 38.556048
0.562803 38.602458
0.565803 38.646941
0.568803 38.689510
0.571803 38.730186
0.574802 38.768990
0.577802 38.805950
0.580802 38.841095
0.583802 38.874459
0.586801 38.906078
0.589801 38.935990
0.592801 38.964239
0.595801 38.990868
0.598801 39.015923
0.601800 39.039452
0.604800 39.061506
0.607800 39.082136
0.610800 39.101393
0.613800 39.119332
0.616799 39.136005
0.619799 39.151467
0.622799 39.165772
0.625799 39.178973
0.628799 39.191123
0.631798 39.202276
0.634798 39.212481
0.637798 39.221789
0.640798 39.230248
0.643798 39.237904
0.646797 39.244803
0.649797 39.250985
0.652797 39.256490
0.655797 39.261355
0.658797 39.265613
0.661796 39.269296
0.664796 39.272432
0.667796 39.275043
0.670796 39.277151
0.673795 39.278772
0.676795 39.279921
0.679795 39.280607
0.682795 39.280834

0.682795 39.280834
0.685244 39.280654
0.687693 39.280113
0.690143 39.279211
0.692592 39.277945
0.695041 39.276313
0.697491 39.274312
0.699940 39.271938
0.702389 39.269186
0.704839 39.266052
0.707288 39.262529
0.709737 39.258611
0.712187 39.254292
0.714636 39.249564
0.717085 39.244420
0.719535 39.238850
0.721984 39.232847
0.724433 39.226402
0.726882 39.219506
0.729332 39.212149
0.731781 39.204322
0.734231 39.196015
0.736680 39.187219
0.739129 39.177924
0.741578 39.168121
0.744028 39.157801
0.746477 39.146954
0.748926 39.135572
0.751376 39.123647
0.753825 39.111171
0.756274 39.098136
0.758724 39.084536
0.761173 39.070365
0.763622 39.055617
0.766072 39.040287
0.768521 39.024373
0.770970 39.007872
0.773420 38.990781
0.775869 38.973100
0.778318 38.954830
0.780767 38.935973
0.783217 38.916531
0.785666 38.896509
0.788115 38.875912
0.790565 38.854748
0.793014 38.833026
0.795463 38.810755
0.797913 38.787947
0.800362 38.764616
0.802811 38.740776
0.805261 38.716446
0.807710 38.691641
0.810159 38.666385
0.812609 38.640697
0.815058 38.614601
0.817507 38.588124
0.819957 38.561293
0.822406 38.534135
0.824855 38.506683
0.827305 38.478969
0.829754 38.451027
0.832203 38.422893
0.834653 38.394604
0.837102 38.366200
0.839551 38.337721
0.842001 38.309209
0.844450 38.280709
0.846899 38.252265
0.849348 38.223923
0.851798 38.195731
0.854247 38.167736
0.856696 38.139988
0.859146 38.112537
0.861595 38.085435
0.864044 38.058731
0.866494 38.032478
0.868943 38.006727
0.871392 37.981531
0.873842 37.956941
0.876291 37.933009
0.878740 37.909786
0.881189 37.887322
0.883639 37.865667
0.886088 37.844869
0.888537 37.824976
0.890987 37.806034
0.893436 37.788086
0.895886 37.771177
0.898335 37.755345
0.900784 37.740630
0.903233 37.727067
0.905683 37.714690
0.908132 37.703530
0.910581 37.693615
0.913031 37.684970
0.915480 37.677618
0.917929 37.671576
0.920379 37.666860
0.922828 37.663483
0.925277 37.661453
0.927727 37.660776


0.000000 39.280834
0.002828 39.280518
0.005657 39.279568
0.008485 39.277976
0.011313 39.275728
0.014141 39.272808
0.016969 39.269191
0.019798 39.264850
0.022626 39.259753
0.025454 39.253862
0.028282 39.247136
0.031110 39.239530
0.033939 39.230993
0.036767 39.221472
0.039595 39.210912
0.042423 39.199252
0.045252 39.186429
0.048080 39.172380
0.050908 39.157037
0.053736 39.140331
0.056565 39.122192
0.059393 39.102548
0.062221 39.081328
0.065049 39.058459
0.067877 39.033868
0.070706 39.007485
0.073534 38.979236
0.076362 38.949053
0.079190 38.916867
0.082019 38.882610
0.084847 38.846219
0.087675 38.807630
0.090503 38.766785
0.093331 38.723628
0.096160 38.678105
0.098988 38.630168
0.101816 38.579772
0.104645 38.526878
0.107473 38.471448
0.110301 38.413451
0.113129 38.352863
0.115957 38.289663
0.118786 38.223835
0.121614 38.155369
0.124442 38.084263
0.127270 38.010520
0.130099 37.934147
0.132927 37.855160
0.135755 37.773580
0.138583 37.689435
0.141411 37.602761
0.144240 37.513598
0.147068 37.421995
0.149896 37.328007
0.152724 37.231696
0.155553 37.133131
0.158381 37.032388
0.161209 36.929551
0.164037 36.824710
0.166865 36.717963
0.169694 36.609415
0.172522 36.499177
0.175350 36.387370
0.178178 36.274121
0.181007 36.159564
0.183835 36.043842
0.186663 35.927105
0.189491 35.809511
0.192320 35.691225
0.195148 35.572424
0.197976 35.453288
0.200804 35.334011
0.203632 35.214792
0.206461 35.095841
0.209289 34.977378
0.212117 34.859631
0.214945 34.742840
0.217774 34.627254
0.220602 34.513133
0.223430 34.400748
0.226258 34.290380
0.229086 34.182322
0.231915 34.076878
0.234743 33.974361
0.237571 33.875095
0.240399 33.779412
0.243228 33.687651
0.246056 33.600159
0.248884 33.517286
0.251712 33.439382
0.254541 33.366797
0.257369 33.299873
0.260197 33.238944
0.263025 33.184326
0.265854 33.136319
0.268682 33.095195
0.271510 33.061196
0.274338 33.034528
0.277166 33.015358
0.279995 33.003806
0.282823 32.999947

0.282823 36.336933
0.283823 36.336550
0.284823 36.335401
0.285823 36.333487
0.286823 36.330807
0.287822 36.327362
0.288822 36.323151
0.289822 36.318176
0.290822 36.312436
0.291822 36.305932
0.292822 36.298665
0.293822 36.290634
0.294822 36.281840
0.295822 36.272285
0.296822 36.261968
0.297822 36.250890
0.298822 36.239052
0.299822 36.226454
0.300822 36.213099
0.301822 36.198986
0.302822 36.184116
0.303821 36.168490
0.304821 36.152110
0.305821 36.134977
0.306821 36.117091
0.307821 36.098453
0.308821 36.079066
0.309821 36.058930
0.310821 36.038047
0.311821 36.016418
0.312821 35.994044
0.313821 35.970927
0.314821 35.947068
0.315821 35.922469
0.316821 35.897132
0.317820 35.871058
0.318820 35.844249
0.319820 35.816707
0.320820 35.788432
0.321820 35.759428
0.322820 35.729697
0.323820 35.699239
0.324820 35.668057
0.325820 35.636153
0.326820 35.603529
0.327820 35.570187
0.328820 35.536129
0.329820 35.501358
0.330819 35.465875
0.331819 35.429683
0.332819 35.392784
0.333819 35.355181
0.334819 35.316875
0.335819 35.277870
0.336819 35.238167
0.337819 35.197769
0.338819 35.156679
0.339819 35.114899
0.340819 35.072431
0.341819 35.029280
0.342819 34.985446
0.343819 34.940933
0.344818 34.895743
0.345818 34.849880
0.346818 34.803345
0.347818 34.756142
0.348818 34.708274
0.349818 34.659744
0.350818 34.610554
0.351818 34.560707
0.352818 34.510207
0.353818 34.459057
0.354818 34.407258
0.355818 34.354816
0.356818 34.301732
0.357818 34.248009
0.358818 34.193652
0.359818 34.138662
0.360817 34.083044
0.361817 34.026800
0.362817 33.969934
0.363817 33.912449
0.364817 33.854348
0.365817 33.795635
0.366817 33.736313
0.367817 33.676385
0.368817 33.615855
0.369817 33.554727
0.370817 33.493003
0.371817 33.430687
0.372817 33.367782
0.373816 33.304293
0.374816 33.240223
0.375816 33.175575
0.376816 33.110353
0.377816 33.044560
0.378816 32.978201
0.379816 32.911279
0.380816 32.843798
0.381816 32.775762
0.382816 32.707175

0.382816 37.743627
0.385816 37.786778
0.388815 37.828587
0.391815 37.869021
0.394815 37.908052
0.397815 37.945656
0.400815 37.981818
0.403814 38.016528
0.406814 38.049780
0.409814 38.081576
0.412814 38.111922
0.415814 38.140831
0.418813 38.168320
0.421813 38.194412
0.424813 38.219135
0.427813 38.242521
0.430812 38.264610
0.433812 38.285443
0.436812 38.305069
0.439812 38.323539
0.442812 38.340908
0.445811 38.357236
0.448811 38.372586
0.451811 38.387024
0.454811 38.400618
0.457811 38.413440
0.460810 38.425561
0.463810 38.437057
0.466810 38.448000
0.469810 38.458467
0.472809 38.468532
0.475809 38.478268
0.478809 38.487750
0.481809 38.497046
0.484809 38.506225
0.487808 38.515354
0.490808 38.524495
0.493808 38.533705
0.496808 38.543041
0.499808 38.552552
0.502807 38.562283
0.505807 38.572277
0.508807 38.582569
0.511807 38.593190
0.514807 38.604166
0.517806 38.615518
0.520806 38.627261
0.523806 38.639406
0.526806 38.651958
0.529806 38.664920
0.532805 38.678287
0.535805 38.692052
0.538805 38.706205
0.541805 38.720729
0.544805 38.735606
0.547804 38.750815
0.550804 38.766332
0.553804 38.782129
0.556804 38.798178
0.559803 38.814448
0.562803 38.830907
0.565803 38.847521
0.568803 38.864255
0.571803 38.881074
0.574802 38.897942
0.577802 38.914823
0.580802 38.931680
0.583802 38.948477
0.586801 38.965178
0.589801 38.981748
0.592801 38.998151
0.595801 39.014354
0.598801 39.030322
0.601800 39.046022
0.604800 39.061424
0.607800 39.076496
0.610800 39.091208
0.613800 39.105534
0.616799 39.119444
0.619799 39.132913
0.622799 39.145916
0.625799 39.158430
0.628799 39.170432
0.631798 39.181902
0.634798 39.192818
0.637798 39.203164
0.640798 39.212921
0.643798 39.222073
0.646797 39.230606
0.649797 39.238505
0.652797 39.245759
0.655797 39.252356
0.658797 39.258285
0.661796 39.263538
0.664796 39.268106
0.667796 39.271983
0.670796 39.275163
0.673795 39.277642
0.676795 39.279415
0.679795 39.280479
0.682795 39.280834

0.682795 39.280834
0.685244 39.280654
0.687693 39.280113
0.690143 39.279211
0.692592 39.277945
0.695041 39.276313
0.697491 39.274312
0.699940 39.271938
0.702389 39.269186
0.704839 39.266052
0.707288 39.262529
0.709737 39.258611
0.712187 39.254292
0.714636 39.249564
0.717085 39.244420
0.719535 39.238850
0.721984 39.232847
0.724433 39.226402
0.726882 39.219506
0.729332 39.212149
0.731781 39.204322
0.734231 39.196015
0.736680 39.187219
0.739129 39.177924
0.741578 39.168121
0.744028 39.157801
0.746477 39.146954
0.748926 39.135572
0.751376 39.123647
0.753825 39.111171
0.756274 39.098136
0.758724 39.084536
0.761173 39.070365
0.763622 39.055617
0.766072 39.040287
0.768521 39.024373
0.770970 39.007872
0.773420 38.990781
0.775869 38.973100
0.778318 38.954830
0.780767 38.935973
0.783217 38.916531
0.785666 38.896509
0.788115 38.875912
0.790565 38.854748
0.793014 38.833026
0.795463 38.810755
0.797913 38.787947
0.800362 38.764616
0.802811 38.740776
0.805261 38.716446
0.807710 38.691641
0.810159 38.666385
0.812609 38.640697
0.815058 38.614601
0.817507 38.588124
0.819957 38.561293
0.822406 38.534135
0.824855 38.506683
0.827305 38.478969
0.829754 38.451027
0.832203 38.422893
0.834653 38.394604
0.837102 38.366200
0.839551 38.337721
0.842001 38.309209
0.844450 38.280709
0.846899 38.252265
0.849348 38.223923
0.851798 38.195731
0.854247 38.167736
0.856696 38.139988
0.859146 38.112537
0.861595 38.085435
0.864044 38.058731
0.866494 38.032478
0.868943 38.006727
0.871392 37.981531
0.873842 37.956941
0.876291 37.933009
0.878740 37.909786
0.881189 37.887322
0.883639 37.865667
0.886088 37.844869
0.888537 37.824976
0.890987 37.806034
0.893436 37.788086
0.895886 37.771177
0.898335 37.755345
0.900784 37.740630
0.903233 37.727067
0.905683 37.714690
0.908132 37.703530
0.910581 37.693615
0.913031 37.684970
0.915480 37.677618
0.917929 37.671576
0.920379 37.666860
0.922828 37.663483
0.925277 37.661453
0.927727 37.660776


