# End points of segments: 
#   0.00000000 0.28282290 0.38281580 0.68279480 0.92772660 
0.000000 -0.000001
0.002828 0.506737
0.005657 1.013335
0.008485 1.519656
0.011313 2.025562
0.014141 2.530915
0.016969 3.035578
0.019798 3.539417
0.022626 4.042295
0.025454 4.544080
0.028282 5.044641
0.031110 5.543846
0.033939 6.041570
0.036767 6.537684
0.039595 7.032066
0.042423 7.524594
0.045252 8.015150
0.048080 8.503617
0.050908 8.989882
0.053736 9.473836
0.056565 9.955370
0.059393 10.434381
0.062221 10.910768
0.065049 11.384435
0.067877 11.855288
0.070706 12.323236
0.073534 12.788194
0.076362 13.250079
0.079190 13.708813
0.082019 14.164320
0.084847 14.616531
0.087675 15.065378
0.090503 15.510798
0.093331 15.952732
0.096160 16.391125
0.098988 16.825927
0.101816 17.257089
0.104645 17.684570
0.107473 18.108329
0.110301 18.528331
0.113129 18.944544
0.115957 19.356940
0.118786 19.765495
0.121614 20.170186
0.124442 20.570997
0.127270 20.967913
0.130099 21.360923
0.132927 21.750018
0.135755 22.135192
0.138583 22.516444
0.141411 22.893773
0.144240 23.267181
0.147068 23.636674
0.149896 24.002257
0.152724 24.363939
0.155553 24.721732
0.158381 25.075647
0.161209 25.425697
0.164037 25.771898
0.166865 26.114264
0.169694 26.452814
0.172522 26.787564
0.175350 27.118533
0.178178 27.445738
0.181007 27.769198
0.183835 28.088931
0.186663 28.404956
0.189491 28.717291
0.192320 29.025952
0.195148 29.330957
0.197976 29.632322
0.200804 29.930062
0.203632 30.224190
0.206461 30.514720
0.209289 30.801662
0.212117 31.085027
0.214945 31.364823
0.217774 31.641057
0.220602 31.913734
0.223430 32.182857
0.226258 32.448428
0.229086 32.710447
0.231915 32.968911
0.234743 33.223816
0.237571 33.475156
0.240399 33.722922
0.243228 33.967106
0.246056 34.207693
0.248884 34.444672
0.251712 34.678026
0.254541 34.907738
0.257369 35.133787
0.260197 35.356155
0.263025 35.574817
0.265854 35.789750
0.268682 36.000928
0.271510 36.208325
0.274338 36.411913
0.277166 36.611663
0.279995 36.807545
0.282823 36.999528

0.282823 24.715644
0.283823 24.715486
0.284823 24.715013
0.285823 24.714223
0.286823 24.713118
0.287822 24.711697
0.288822 24.709960
0.289822 24.707907
0.290822 24.705538
0.291822 24.702853
0.292822 24.699852
0.293822 24.696535
0.294822 24.692901
0.295822 24.688951
0.296822 24.684684
0.297822 24.680101
0.298822 24.675201
0.299822 24.669983
0.300822 24.664449
0.301822 24.658598
0.302822 24.652429
0.303821 24.645942
0.304821 24.639137
0.305821 24.632015
0.306821 24.624574
0.307821 24.616815
0.308821 24.608737
0.309821 24.600340
0.310821 24.591625
0.311821 24.582589
0.312821 24.573235
0.313821 24.563560
0.314821 24.553565
0.315821 24.543250
0.316821 24.532613
0.317820 24.521656
0.318820 24.510378
0.319820 24.498778
0.320820 24.486856
0.321820 24.474612
0.322820 24.462045
0.323820 24.449156
0.324820 24.435943
0.325820 24.422406
0.326820 24.408546
0.327820 24.394361
0.328820 24.379852
0.329820 24.365018
0.330819 24.349858
0.331819 24.334373
0.332819 24.318561
0.333819 24.302423
0.334819 24.285958
0.335819 24.269166
0.336819 24.252046
0.337819 24.234597
0.338819 24.216821
0.339819 24.198715
0.340819 24.180280
0.341819 24.161516
0.342819 24.142421
0.343819 24.122995
0.344818 24.103239
0.345818 24.083151
0.346818 24.062732
0.347818 24.041980
0.348818 24.020895
0.349818 23.999477
0.350818 23.977725
0.351818 23.955640
0.352818 23.933220
0.353818 23.910465
0.354818 23.887375
0.355818 23.863949
0.356818 23.840187
0.357818 23.816088
0.358818 23.791652
0.359818 23.766878
0.360817 23.741767
0.361817 23.716317
0.362817 23.690529
0.363817 23.664401
0.364817 23.637933
0.365817 23.611126
0.366817 23.583978
0.367817 23.556489
0.368817 23.528658
0.369817 23.500486
0.370817 23.471972
0.371817 23.443115
0.372817 23.413915
0.373816 23.384371
0.374816 23.354484
0.375816 23.324253
0.376816 23.293677
0.377816 23.262756
0.378816 23.231490
0.379816 23.199878
0.380816 23.167920
0.381816 23.135615
0.382816 23.102964

0.382816 23.102964
0.385816 23.002926
0.388815 22.899755
0.391815 22.793442
0.394815 22.683979
0.397815 22.571360
0.400815 22.455577
0.403814 22.336624
0.406814 22.214498
0.409814 22.089193
0.412814 21.960706
0.415814 21.829036
0.418813 21.694181
0.421813 21.556140
0.424813 21.414914
0.427813 21.270505
0.430812 21.122915
0.433812 20.972150
0.436812 20.818213
0.439812 20.661112
0.442812 20.500852
0.445811 20.337444
0.448811 20.170897
0.451811 20.001222
0.454811 19.828432
0.457811 19.652539
0.460810 19.473559
0.463810 19.291508
0.466810 19.106403
0.469810 18.918262
0.472809 18.727106
0.475809 18.532955
0.478809 18.335831
0.481809 18.135759
0.484809 17.932762
0.487808 17.726866
0.490808 17.518098
0.493808 17.306487
0.496808 17.092061
0.499808 16.874851
0.502807 16.654888
0.505807 16.432205
0.508807 16.206834
0.511807 15.978811
0.514807 15.748170
0.517806 15.514948
0.520806 15.279183
0.523806 15.040911
0.526806 14.800172
0.529806 14.557006
0.532805 14.311453
0.535805 14.063554
0.538805 13.813350
0.541805 13.560885
0.544805 13.306201
0.547804 13.049341
0.550804 12.790351
0.553804 12.529275
0.556804 12.266157
0.559803 12.001043
0.562803 11.733980
0.565803 11.465014
0.568803 11.194190
0.571803 10.921557
0.574802 10.647161
0.577802 10.371050
0.580802 10.093271
0.583802 9.813873
0.586801 9.532903
0.589801 9.250409
0.592801 8.966440
0.595801 8.681043
0.598801 8.394268
0.601800 8.106163
0.604800 7.816775
0.607800 7.526154
0.610800 7.234348
0.613800 6.941405
0.616799 6.647373
0.619799 6.352301
0.622799 6.056236
0.625799 5.759228
0.628799 5.461323
0.631798 5.162571
0.634798 4.863018
0.637798 4.562712
0.640798 4.261702
0.643798 3.960034
0.646797 3.657756
0.649797 3.354916
0.652797 3.051560
0.655797 2.747737
0.658797 2.443492
0.661796 2.138873
0.664796 1.833927
0.667796 1.528700
0.670796 1.223240
0.673795 0.917593
0.676795 0.611807
0.679795 0.305927
0.682795 -0.000001

0.682795 -0.000001
0.685244 0.265849
0.687693 0.531637
0.690143 0.797302
0.692592 1.062781
0.695041 1.328014
0.697491 1.592939
0.699940 1.857494
0.702389 2.121618
0.704839 2.385249
0.707288 2.648326
0.709737 2.910787
0.712187 3.172571
0.714636 3.433617
0.717085 3.693862
0.719535 3.953247
0.721984 4.211710
0.724433 4.469189
0.726882 4.725625
0.729332 4.980955
0.731781 5.235120
0.734231 5.488060
0.736680 5.739712
0.739129 5.990019
0.741578 6.238919
0.744028 6.486352
0.746477 6.732260
0.748926 6.976583
0.751376 7.219261
0.753825 7.460237
0.756274 7.699451
0.758724 7.936846
0.761173 8.172364
0.763622 8.405947
0.766072 8.637539
0.768521 8.867082
0.770970 9.094520
0.773420 9.319798
0.775869 9.542861
0.778318 9.763652
0.780767 9.982119
0.783217 10.198206
0.785666 10.411861
0.788115 10.623030
0.790565 10.831661
0.793014 11.037703
0.795463 11.241104
0.797913 11.441813
0.800362 11.639779
0.802811 11.834955
0.805261 12.027289
0.807710 12.216735
0.810159 12.403244
0.812609 12.586768
0.815058 12.767261
0.817507 12.944678
0.819957 13.118971
0.822406 13.290097
0.824855 13.458012
0.827305 13.622670
0.829754 13.784030
0.832203 13.942048
0.834653 14.096683
0.837102 14.247893
0.839551 14.395637
0.842001 14.539875
0.844450 14.680568
0.846899 14.817676
0.849348 14.951161
0.851798 15.080985
0.854247 15.207111
0.856696 15.329503
0.859146 15.448124
0.861595 15.562940
0.864044 15.673915
0.866494 15.781017
0.868943 15.884212
0.871392 15.983468
0.873842 16.078753
0.876291 16.170037
0.878740 16.257291
0.881189 16.340485
0.883639 16.419592
0.886088 16.494585
0.888537 16.565439
0.890987 16.632129
0.893436 16.694630
0.895886 16.752923
0.898335 16.806984
0.900784 16.856796
0.903233 16.902339
0.905683 16.943596
0.908132 16.980553
0.910581 17.013195
0.913031 17.041511
0.915480 17.065488
0.917929 17.085119
0.920379 17.100395
0.922828 17.111311
0.925277 17.117862
0.927727 17.120046


0.000000 0.000000
0.002828 0.341063
0.005657 0.682051
0.008485 1.022889
0.011313 1.363503
0.014141 1.703817
0.016969 2.043758
0.019798 2.383253
0.022626 2.722230
0.025454 3.060616
0.028282 3.398341
0.031110 3.735336
0.033939 4.071532
0.036767 4.406862
0.039595 4.741260
0.042423 5.074662
0.045252 5.407005
0.048080 5.738229
0.050908 6.068273
0.053736 6.397081
0.056565 6.724596
0.059393 7.050765
0.062221 7.375536
0.065049 7.698858
0.067877 8.020684
0.070706 8.340968
0.073534 8.659665
0.076362 8.976734
0.079190 9.292135
0.082019 9.605830
0.084847 9.917782
0.087675 10.227959
0.090503 10.536326
0.093331 10.842855
0.096160 11.147516
0.098988 11.450283
0.101816 11.751129
0.104645 12.050031
0.107473 12.346967
0.110301 12.641915
0.113129 12.934855
0.115957 13.225768
0.118786 13.514635
0.121614 13.801439
0.124442 14.086163
0.127270 14.368790
0.130099 14.649302
0.132927 14.927685
0.135755 15.203920
0.138583 15.477989
0.141411 15.749876
0.144240 16.019561
0.147068 16.287024
0.149896 16.552242
0.152724 16.815193
0.155553 17.075851
0.158381 17.334187
0.161209 17.590172
0.164037 17.843772
0.166865 18.094950
0.169694 18.343665
0.172522 18.589872
0.175350 18.833523
0.178178 19.074562
0.181007 19.312930
0.183835 19.548561
0.186663 19.781382
0.189491 20.011313
0.192320 20.238267
0.195148 20.462148
0.197976 20.682851
0.200804 20.900260
0.203632 21.114249
0.206461 21.324681
0.209289 21.531405
0.212117 21.734257
0.214945 21.933058
0.217774 22.127613
0.220602 22.317710
0.223430 22.503122
0.226258 22.683597
0.229086 22.858870
0.231915 23.028649
0.234743 23.192625
0.237571 23.350464
0.240399 23.501813
0.243228 23.646295
0.246056 23.783516
0.248884 23.913061
0.251712 24.034502
0.254541 24.147399
0.257369 24.251307
0.260197 24.345780
0.263025 24.430382
0.265854 24.504695
0.268682 24.568324
0.271510 24.620916
0.274338 24.662162
0.277166 24.691811
0.279995 24.709676
0.282823 24.715644

0.282823 24.715644
0.283823 24.716348
0.284823 24.718459
0.285823 24.721976
0.286823 24.726898
0.287822 24.733223
0.288822 24.740950
0.289822 24.750075
0.290822 24.760595
0.291822 24.772507
0.292822 24.785806
0.293822 24.800488
0.294822 24.816547
0.295822 24.833979
0.296822 24.852776
0.297822 24.872933
0.298822 24.894443
0.299822 24.917297
0.300822 24.941489
0.301822 24.967010
0.302822 24.993851
0.303821 25.022004
0.304821 25.051459
0.305821 25.082205
0.306821 25.114233
0.307821 25.147532
0.308821 25.182091
0.309821 25.217898
0.310821 25.254943
0.311821 25.293212
0.312821 25.332693
0.313821 25.373374
0.314821 25.415241
0.315821 25.458282
0.316821 25.502482
0.317820 25.547828
0.318820 25.594305
0.319820 25.641899
0.320820 25.690596
0.321820 25.740380
0.322820 25.791236
0.323820 25.843149
0.324820 25.896103
0.325820 25.950083
0.326820 26.005073
0.327820 26.061056
0.328820 26.118016
0.329820 26.175938
0.330819 26.234803
0.331819 26.294596
0.332819 26.355299
0.333819 26.416896
0.334819 26.479370
0.335819 26.542703
0.336819 26.606879
0.337819 26.671879
0.338819 26.737687
0.339819 26.804285
0.340819 26.871656
0.341819 26.939782
0.342819 27.008645
0.343819 27.078228
0.344818 27.148514
0.345818 27.219484
0.346818 27.291121
0.347818 27.363407
0.348818 27.436325
0.349818 27.509857
0.350818 27.583985
0.351818 27.658693
0.352818 27.733961
0.353818 27.809773
0.354818 27.886111
0.355818 27.962957
0.356818 28.040295
0.357818 28.118106
0.358818 28.196373
0.359818 28.275079
0.360817 28.354207
0.361817 28.433739
0.362817 28.513658
0.363817 28.593946
0.364817 28.674587
0.365817 28.755563
0.366817 28.836858
0.367817 28.918453
0.368817 29.000331
0.369817 29.082476
0.370817 29.164869
0.371817 29.247493
0.372817 29.330331
0.373816 29.413364
0.374816 29.496574
0.375816 29.579942
0.376816 29.663450
0.377816 29.747078
0.378816 29.830805
0.379816 29.914610
0.380816 29.998469
0.381816 30.082358
0.382816 30.166250

0.382816 30.166250
0.385816 30.417623
0.388815 30.667591
0.391815 30.913921
0.394815 31.150324
0.397815 31.347929
0.400815 31.366282
0.403814 31.177748
0.406814 30.936627
0.409814 30.680209
0.412814 30.415873
0.415814 30.145931
0.418813 29.871381
0.421813 29.592762
0.424813 29.310420
0.427813 29.024608
0.430812 28.735529
0.433812 28.443357
0.436812 28.148244
0.439812 27.850332
0.442812 27.549753
0.445811 27.246631
0.448811 26.941084
0.451811 26.633223
0.454811 26.323157
0.457811 26.010989
0.460810 25.696817
0.463810 25.380735
0.466810 25.062835
0.469810 24.743202
0.472809 24.421919
0.475809 24.099064
0.478809 23.774713
0.481809 23.448937
0.484809 23.121802
0.487808 22.793374
0.490808 22.463712
0.493808 22.132874
0.496808 21.800912
0.499808 21.467876
0.502807 21.133815
0.505807 20.798772
0.508807 20.462787
0.511807 20.125898
0.514807 19.788142
0.517806 19.449550
0.520806 19.110154
0.523806 18.769980
0.526806 18.429054
0.529806 18.087401
0.532805 17.745041
0.535805 17.401995
0.538805 17.058280
0.541805 16.713914
0.544805 16.368912
0.547804 16.023287
0.550804 15.677054
0.553804 15.330223
0.556804 14.982806
0.559803 14.634814
0.562803 14.286257
0.565803 13.937143
0.568803 13.587483
0.571803 13.237284
0.574802 12.886555
0.577802 12.535306
0.580802 12.183544
0.583802 11.831278
0.586801 11.478516
0.589801 11.125269
0.592801 10.771544
0.595801 10.417351
0.598801 10.062700
0.601800 9.707601
0.604800 9.352065
0.607800 8.996103
0.610800 8.639727
0.613800 8.282947
0.616799 7.925778
0.619799 7.568231
0.622799 7.210320
0.625799 6.852059
0.628799 6.493462
0.631798 6.134544
0.634798 5.775321
0.637798 5.415807
0.640798 5.056019
0.643798 4.695974
0.646797 4.335688
0.649797 3.975179
0.652797 3.614463
0.655797 3.253560
0.658797 2.892486
0.661796 2.531260
0.664796 2.169900
0.667796 1.808426
0.670796 1.446856
0.673795 1.085210
0.676795 0.723505
0.679795 0.361762
0.682795 0.000000

0.682795 0.000000
0.685244 0.265849
0.687693 0.531637
0.690143 0.797302
0.692592 1.062781
0.695041 1.328014
0.697491 1.592939
0.699940 1.857494
0.702389 2.121618
0.704839 2.385249
0.707288 2.648326
0.709737 2.910787
0.712187 3.172571
0.714636 3.433617
0.717085 3.693862
0.719535 3.953247
0.721984 4.211710
0.724433 4.469189
0.726882 4.725625
0.729332 4.980955
0.731781 5.235120
0.734231 5.488060
0.736680 5.739712
0.739129 5.990019
0.741578 6.238919
0.744028 6.486352
0.746477 6.732260
0.748926 6.976583
0.751376 7.219261
0.753825 7.460237
0.756274 7.699451
0.758724 7.936846
0.761173 8.172364
0.763622 8.405947
0.766072 8.637539
0.768521 8.867082
0.770970 9.094520
0.773420 9.319798
0.775869 9.542861
0.778318 9.763652
0.780767 9.982119
0.783217 10.198206
0.785666 10.411861
0.788115 10.623030
0.790565 10.831661
0.793014 11.037703
0.795463 11.241104
0.797913 11.441813
0.800362 11.639779
0.802811 11.834955
0.805261 12.027289
0.807710 12.216735
0.810159 12.403244
0.812609 12.586768
0.815058 12.767261
0.817507 12.944678
0.819957 13.118971
0.822406 13.290097
0.824855 13.458012
0.827305 13.622670
0.829754 13.784030
0.832203 13.942048
0.834653 14.096683
0.837102 14.247893
0.839551 14.395637
0.842001 14.539875
0.844450 14.680568
0.846899 14.817676
0.849348 14.951161
0.851798 15.080985
0.854247 15.207111
0.856696 15.329503
0.859146 15.448124
0.861595 15.562940
0.864044 15.673915
0.866494 15.781017
0.868943 15.884212
0.871392 15.983468
0.873842 16.078753
0.876291 16.170037
0.878740 16.257291
0.881189 16.340485
0.883639 16.419592
0.886088 16.494585
0.888537 16.565439
0.890987 16.632129
0.893436 16.694630
0.895886 16.752923
0.898335 16.806984
0.900784 16.856796
0.903233 16.902339
0.905683 16.943596
0.908132 16.980553
0.910581 17.013195
0.913031 17.041511
0.915480 17.065488
0.917929 17.085119
0.920379 17.100395
0.922828 17.111311
0.925277 17.117862
0.927727 17.120046


0.000000 0.000000
0.002828 0.341063
0.005657 0.682051
0.008485 1.022889
0.011313 1.363503
0.014141 1.703817
0.016969 2.043758
0.019798 2.383253
0.022626 2.722230
0.025454 3.060616
0.028282 3.398341
0.031110 3.735336
0.033939 4.071532
0.036767 4.406862
0.039595 4.741260
0.042423 5.074662
0.045252 5.407005
0.048080 5.738229
0.050908 6.068273
0.053736 6.397081
0.056565 6.724596
0.059393 7.050765
0.062221 7.375536
0.065049 7.698858
0.067877 8.020684
0.070706 8.340968
0.073534 8.659665
0.076362 8.976734
0.079190 9.292135
0.082019 9.605830
0.084847 9.917782
0.087675 10.227959
0.090503 10.536326
0.093331 10.842855
0.096160 11.147516
0.098988 11.450283
0.101816 11.751129
0.104645 12.050031
0.107473 12.346967
0.110301 12.641915
0.113129 12.934855
0.115957 13.225768
0.118786 13.514635
0.121614 13.801439
0.124442 14.086163
0.127270 14.368790
0.130099 14.649302
0.132927 14.927685
0.135755 15.203920
0.138583 15.477989
0.141411 15.749876
0.144240 16.019561
0.147068 16.287024
0.149896 16.552242
0.152724 16.815193
0.155553 17.075851
0.158381 17.334187
0.161209 17.590172
0.164037 17.843772
0.166865 18.094950
0.169694 18.343665
0.172522 18.589872
0.175350 18.833523
0.178178 19.074562
0.181007 19.312930
0.183835 19.548561
0.186663 19.781382
0.189491 20.011313
0.192320 20.238267
0.195148 20.462148
0.197976 20.682851
0.200804 20.900260
0.203632 21.114249
0.206461 21.324681
0.209289 21.531405
0.212117 21.734257
0.214945 21.933058
0.217774 22.127613
0.220602 22.317710
0.223430 22.503122
0.226258 22.683597
0.229086 22.858870
0.231915 23.028649
0.234743 23.192625
0.237571 23.350464
0.240399 23.501813
0.243228 23.646295
0.246056 23.783516
0.248884 23.913061
0.251712 24.034502
0.254541 24.147399
0.257369 24.251307
0.260197 24.345780
0.263025 24.430382
0.265854 24.504695
0.268682 24.568324
0.271510 24.620916
0.274338 24.662162
0.277166 24.691811
0.279995 24.709676
0.282823 24.715644

0.282823 32.785228
0.283823 32.784946
0.284823 32.784101
0.285823 32.782693
0.286823 32.780724
0.287822 32.778195
0.288822 32.775109
0.289822 32.771467
0.290822 32.767272
0.291822 32.762528
0.292822 32.757239
0.293822 32.751408
0.294822 32.745040
0.295822 32.738140
0.296822 32.730713
0.297822 32.722764
0.298822 32.714300
0.299822 32.705326
0.300822 32.695850
0.301822 32.685876
0.302822 32.675413
0.303821 32.664468
0.304821 32.653047
0.305821 32.641159
0.306821 32.628811
0.307821 32.616011
0.308821 32.602767
0.309821 32.589086
0.310821 32.574978
0.311821 32.560450
0.312821 32.545511
0.313821 32.530170
0.314821 32.514433
0.315821 32.498311
0.316821 32.481811
0.317820 32.464943
0.318820 32.447713
0.319820 32.430131
0.320820 32.412206
0.321820 32.393944
0.322820 32.375355
0.323820 32.356448
0.324820 32.337229
0.325820 32.317707
0.326820 32.297889
0.327820 32.277785
0.328820 32.257401
0.329820 32.236745
0.330819 32.215825
0.331819 32.194647
0.332819 32.173220
0.333819 32.151550
0.334819 32.129645
0.335819 32.107511
0.336819 32.085155
0.337819 32.062584
0.338819 32.039804
0.339819 32.016821
0.340819 31.993642
0.341819 31.970273
0.342819 31.946720
0.343819 31.922988
0.344818 31.899084
0.345818 31.875012
0.346818 31.850778
0.347818 31.826387
0.348818 31.801845
0.349818 31.777156
0.350818 31.752325
0.351818 31.727357
0.352818 31.702256
0.353818 31.677027
0.354818 31.651674
0.355818 31.626200
0.356818 31.600611
0.357818 31.574910
0.358818 31.549099
0.359818 31.523184
0.360817 31.497168
0.361817 31.471053
0.362817 31.444843
0.363817 31.418541
0.364817 31.392150
0.365817 31.365672
0.366817 31.339110
0.367817 31.312467
0.368817 31.285745
0.369817 31.258946
0.370817 31.232073
0.371817 31.205127
0.372817 31.178110
0.373816 31.151024
0.374816 31.123870
0.375816 31.096651
0.376816 31.069366
0.377816 31.042018
0.378816 31.014608
0.379816 30.987136
0.380816 30.959603
0.381816 30.932010
0.382816 30.904357

0.382816 30.904357
0.385816 30.821047
0.388815 30.737209
0.391815 30.652837
0.394815 30.567915
0.397815 30.482416
0.400815 30.396303
0.403814 30.309526
0.406814 30.222025
0.409814 30.133729
0.412814 30.044556
0.415814 29.954410
0.418813 29.863186
0.421813 29.770764
0.424813 29.677015
0.427813 29.581797
0.430812 29.484953
0.433812 29.386318
0.436812 29.285711
0.439812 29.182943
0.442812 29.077810
0.445811 28.970099
0.448811 28.859584
0.451811 28.746030
0.454811 28.629193
0.457811 28.508818
0.460810 28.384645
0.463810 28.256406
0.466810 28.123828
0.469810 27.986632
0.472809 27.844538
0.475809 27.697265
0.478809 27.544533
0.481809 27.386061
0.484809 27.221575
0.487808 27.050806
0.490808 26.873490
0.493808 26.689375
0.496808 26.498216
0.499808 26.299783
0.502807 26.093855
0.505807 25.880228
0.508807 25.658714
0.511807 25.429137
0.514807 25.191340
0.517806 24.945184
0.520806 24.690544
0.523806 24.427316
0.526806 24.155410
0.529806 23.874756
0.532805 23.585298
0.535805 23.286999
0.538805 22.979837
0.541805 22.663805
0.544805 22.338912
0.547804 22.005179
0.550804 21.662643
0.553804 21.311354
0.556804 20.951372
0.559803 20.582771
0.562803 20.205634
0.565803 19.820057
0.568803 19.426145
0.571803 19.024011
0.574802 18.613778
0.577802 18.195578
0.580802 17.769550
0.583802 17.335841
0.586801 16.894605
0.589801 16.446004
0.592801 15.990205
0.595801 15.527382
0.598801 15.057714
0.601800 14.581387
0.604800 14.098592
0.607800 13.609525
0.610800 13.114387
0.613800 12.613384
0.616799 12.106726
0.619799 11.594627
0.622799 11.077307
0.625799 10.554988
0.628799 10.027896
0.631798 9.496262
0.634798 8.960319
0.637798 8.420303
0.640798 7.876455
0.643798 7.329016
0.646797 6.778233
0.649797 6.224352
0.652797 5.667624
0.655797 5.108301
0.658797 4.546636
0.661796 3.982886
0.664796 3.417308
0.667796 2.850160
0.670796 2.281702
0.673795 1.712196
0.676795 1.141902
0.679795 0.571082
0.682795 0.000000

0.682795 0.000000
0.685244 0.475106
0.687693 0.950114
0.690143 1.424930
0.692592 1.899455
0.695041 2.373594
0.697491 2.847249
0.699940 3.320324
0.702389 3.792722
0.704839 4.264348
0.707288 4.735106
0.709737 5.204898
0.712187 5.673629
0.714636 6.141204
0.717085 6.607527
0.719535 7.072502
0.721984 7.536035
0.724433 7.998031
0.726882 8.458396
0.729332 8.917034
0.731781 9.373853
0.734231 9.828759
0.736680 10.281660
0.739129 10.732462
0.741578 11.181074
0.744028 11.627404
0.746477 12.071362
0.748926 12.512857
0.751376 12.951799
0.753825 13.388100
0.756274 13.821671
0.758724 14.252424
0.761173 14.680274
0.763622 15.105134
0.766072 15.526919
0.768521 15.945545
0.770970 16.360929
0.773420 16.772989
0.775869 17.181643
0.778318 17.586812
0.780767 17.988417
0.783217 18.386380
0.785666 18.780624
0.788115 19.171074
0.790565 19.557654
0.793014 19.940293
0.795463 20.318918
0.797913 20.693458
0.800362 21.063843
0.802811 21.430006
0.805261 21.791878
0.807710 22.149394
0.810159 22.502489
0.812609 22.851098
0.815058 23.195159
0.817507 23.534609
0.819957 23.869388
0.822406 24.199434
0.824855 24.524688
0.827305 24.845089
0.829754 25.160580
0.832203 25.471099
0.834653 25.776589
0.837102 26.076988
0.839551 26.372237
0.842001 26.662274
0.844450 26.947036
0.846899 27.226459
0.849348 27.500474
0.851798 27.769013
0.854247 28.032003
0.856696 28.289364
0.859146 28.541017
0.861595 28.786872
0.864044 29.026834
0.866494 29.260802
0.868943 29.488665
0.871392 29.710301
0.873842 29.925577
0.876291 30.134347
0.878740 30.336451
0.881189 30.531712
0.883639 30.719934
0.886088 30.900902
0.888537 31.074379
0.890987 31.240104
0.893436 31.397792
0.895886 31.547131
0.898335 31.687785
0.900784 31.819391
0.903233 31.941564
0.905683 32.053897
0.908132 32.155972
0.910581 32.247360
0.913031 32.327636
0.915480 32.396392
0.917929 32.453243
0.920379 32.497849
0.922828 32.529927
0.925277 32.549262
0.927727 32.555722


0.000000 39.624067
0.002828 39.622925
0.005657 39.619501
0.008485 39.613796
0.011313 39.605816
0.014141 39.595566
0.016969 39.583054
0.019798 39.568290
0.022626 39.551285
0.025454 39.532050
0.028282 39.510602
0.031110 39.486954
0.033939 39.461124
0.036767 39.433132
0.039595 39.402995
0.042423 39.370736
0.045252 39.336376
0.048080 39.299939
0.050908 39.261449
0.053736 39.220931
0.056565 39.178410
0.059393 39.133913
0.062221 39.087468
0.065049 39.039101
0.067877 38.988841
0.070706 38.936717
0.073534 38.882758
0.076362 38.826991
0.079190 38.769446
0.082019 38.710153
0.084847 38.649139
0.087675 38.586434
0.090503 38.522067
0.093331 38.456065
0.096160 38.388457
0.098988 38.319270
0.101816 38.248531
0.104645 38.176267
0.107473 38.102505
0.110301 38.027270
0.113129 37.950587
0.115957 37.872482
0.118786 37.792978
0.121614 37.712100
0.124442 37.629872
0.127270 37.546316
0.130099 37.461455
0.132927 37.375313
0.135755 37.287913
0.138583 37.199277
0.141411 37.109428
0.144240 37.018390
0.147068 36.926187
0.149896 36.832844
0.152724 36.738385
0.155553 36.642839
0.158381 36.546233
0.161209 36.448596
0.164037 36.349962
0.166865 36.250363
0.169694 36.149837
0.172522 36.048424
0.175350 35.946168
0.178178 35.843114
0.181007 35.739316
0.183835 35.634830
0.186663 35.529719
0.189491 35.424051
0.192320 35.317901
0.195148 35.211353
0.197976 35.104497
0.200804 34.997435
0.203632 34.890278
0.206461 34.783146
0.209289 34.676175
0.212117 34.569511
0.214945 34.463316
0.217774 34.357766
0.220602 34.253056
0.223430 34.149396
0.226258 34.047018
0.229086 33.946171
0.231915 33.847127
0.234743 33.750179
0.237571 33.655643
0.240399 33.563855
0.243228 33.475176
0.246056 33.389985
0.248884 33.308680
0.251712 33.231677
0.254541 33.159401
0.257369 33.092285
0.260197 33.030763
0.263025 32.975260
0.265854 32.926188
0.268682 32.883929
0.271510 32.848832
0.274338 32.821199
0.277166 32.801278
0.279995 32.789250
0.282823 32.785228

0.282823 32.785228
0.283823 32.785330
0.284823 32.785636
0.285823 32.786147
0.286823 32.786862
0.287822 32.787782
0.288822 32.788906
0.289822 32.790235
0.290822 32.791769
0.291822 32.793508
0.292822 32.795453
0.293822 32.797602
0.294822 32.799958
0.295822 32.802520
0.296822 32.805288
0.297822 32.808263
0.298822 32.811445
0.299822 32.814835
0.300822 32.818432
0.301822 32.822238
0.302822 32.826253
0.303821 32.830476
0.304821 32.834910
0.305821 32.839553
0.306821 32.844407
0.307821 32.849473
0.308821 32.854750
0.309821 32.860240
0.310821 32.865942
0.311821 32.871858
0.312821 32.877988
0.313821 32.884333
0.314821 32.890893
0.315821 32.897669
0.316821 32.904662
0.317820 32.911873
0.318820 32.919301
0.319820 32.926948
0.320820 32.934814
0.321820 32.942901
0.322820 32.951208
0.323820 32.959737
0.324820 32.968488
0.325820 32.977462
0.326820 32.986659
0.327820 32.996081
0.328820 33.005728
0.329820 33.015601
0.330819 33.025700
0.331819 33.036026
0.332819 33.046580
0.333819 33.057363
0.334819 33.068375
0.335819 33.079616
0.336819 33.091088
0.337819 33.102792
0.338819 33.114727
0.339819 33.126894
0.340819 33.139294
0.341819 33.151928
0.342819 33.164796
0.343819 33.177899
0.344818 33.191237
0.345818 33.204811
0.346818 33.218621
0.347818 33.232668
0.348818 33.246951
0.349818 33.261473
0.350818 33.276232
0.351818 33.291229
0.352818 33.306465
0.353818 33.321940
0.354818 33.337655
0.355818 33.353608
0.356818 33.369801
0.357818 33.386235
0.358818 33.402907
0.359818 33.419820
0.360817 33.436973
0.361817 33.454367
0.362817 33.472000
0.363817 33.489873
0.364817 33.507987
0.365817 33.526340
0.366817 33.544932
0.367817 33.563764
0.368817 33.582836
0.369817 33.602146
0.370817 33.621694
0.371817 33.641481
0.372817 33.661505
0.373816 33.681766
0.374816 33.702264
0.375816 33.722998
0.376816 33.743967
0.377816 33.765171
0.378816 33.786608
0.379816 33.808279
0.380816 33.830181
0.381816 33.852315
0.382816 33.874680

0.382816 32.955602
0.385816 32.728667
0.388815 32.498519
0.391815 32.267175
0.394815 32.040719
0.397815 31.847833
0.400815 31.828791
0.403814 32.011062
0.406814 32.240192
0.409814 32.478751
0.412814 32.719231
0.415814 32.959201
0.418813 33.197557
0.421813 33.433663
0.424813 33.667088
0.427813 33.897504
0.430812 34.124643
0.433812 34.348275
0.436812 34.568199
0.439812 34.784236
0.442812 34.996225
0.445811 35.204018
0.448811 35.407485
0.451811 35.606505
0.454811 35.800971
0.457811 35.990787
0.460810 36.175867
0.463810 36.356136
0.466810 36.531528
0.469810 36.701989
0.472809 36.867470
0.475809 37.027936
0.478809 37.183357
0.481809 37.333713
0.484809 37.478991
0.487808 37.619188
0.490808 37.754307
0.493808 37.884359
0.496808 38.009363
0.499808 38.129343
0.502807 38.244333
0.505807 38.354370
0.508807 38.459501
0.511807 38.559777
0.514807 38.655255
0.517806 38.745998
0.520806 38.832076
0.523806 38.913562
0.526806 38.990535
0.529806 39.063081
0.532805 39.131288
0.535805 39.195250
0.538805 39.255064
0.541805 39.310832
0.544805 39.362661
0.547804 39.410659
0.550804 39.454941
0.553804 39.495621
0.556804 39.532819
0.559803 39.566656
0.562803 39.597259
0.565803 39.624752
0.568803 39.649265
0.571803 39.670928
0.574802 39.689874
0.577802 39.706236
0.580802 39.720148
0.583802 39.731746
0.586801 39.741165
0.589801 39.748541
0.592801 39.754011
0.595801 39.757709
0.598801 39.759770
0.601800 39.760330
0.604800 39.759520
0.607800 39.757472
0.610800 39.754315
0.613800 39.750178
0.616799 39.745186
0.619799 39.739460
0.622799 39.733121
0.625799 39.726284
0.628799 39.719064
0.631798 39.711568
0.634798 39.703902
0.637798 39.696166
0.640798 39.688457
0.643798 39.680865
0.646797 39.673476
0.649797 39.666371
0.652797 39.659626
0.655797 39.653308
0.658797 39.647483
0.661796 39.642206
0.664796 39.637528
0.667796 39.633494
0.670796 39.630142
0.673795 39.627502
0.676795 39.625599
0.679795 39.624451
0.682795 39.624067

0.682795 39.624067
0.685244 39.624090
0.687693 39.624159
0.690143 39.624270
0.692592 39.624422
0.695041 39.624607
0.697491 39.624821
0.699940 39.625054
0.702389 39.625296
0.704839 39.625538
0.707288 39.625767
0.709737 39.625969
0.712187 39.626129
0.714636 39.626231
0.717085 39.626258
0.719535 39.626192
0.721984 39.626012
0.724433 39.625699
0.726882 39.625231
0.729332 39.624584
0.731781 39.623737
0.734231 39.622664
0.736680 39.621341
0.739129 39.619742
0.741578 39.617841
0.744028 39.615610
0.746477 39.613024
0.748926 39.610054
0.751376 39.606671
0.753825 39.602848
0.756274 39.598555
0.758724 39.593765
0.761173 39.588446
0.763622 39.582571
0.766072 39.576110
0.768521 39.569034
0.770970 39.561314
0.773420 39.552920
0.775869 39.543823
0.778318 39.533995
0.780767 39.523408
0.783217 39.512032
0.785666 39.499840
0.788115 39.486805
0.790565 39.472898
0.793014 39.458095
0.795463 39.442368
0.797913 39.425691
0.800362 39.408040
0.802811 39.389391
0.805261 39.369719
0.807710 39.349001
0.810159 39.327217
0.812609 39.304344
0.815058 39.280363
0.817507 39.255254
0.819957 39.229000
0.822406 39.201584
0.824855 39.172991
0.827305 39.143209
0.829754 39.112225
0.832203 39.080029
0.834653 39.046615
0.837102 39.011977
0.839551 38.976113
0.842001 38.939025
0.844450 38.900715
0.846899 38.861193
0.849348 38.820470
0.851798 38.778564
0.854247 38.735497
0.856696 38.691298
0.859146 38.646002
0.861595 38.599652
0.864044 38.552299
0.866494 38.504004
0.868943 38.454839
0.871392 38.404887
0.873842 38.354244
0.876291 38.303024
0.878740 38.251353
0.881189 38.199378
0.883639 38.147265
0.886088 38.095202
0.888537 38.043399
0.890987 37.992094
0.893436 37.941549
0.895886 37.892054
0.898335 37.843926
0.900784 37.797509
0.903233 37.753174
0.905683 37.711309
0.908132 37.672323
0.910581 37.636629
0.913031 37.604641
0.915480 37.576762
0.917929 37.553365
0.920379 37.534786
0.922828 37.521303
0.925277 37.513125
0.927727 37.510385


0.000000 39.624067
0.002828 39.625340
0.005657 39.629157
0.008485 39.635505
0.011313 39.644367
0.014141 39.655716
0.016969 39.669519
0.019798 39.685735
0.022626 39.704316
0.025454 39.725207
0.028282 39.748348
0.031110 39.773669
0.033939 39.801096
0.036767 39.830547
0.039595 39.861937
0.042423 39.895172
0.045252 39.930154
0.048080 39.966778
0.050908 40.004938
0.053736 40.044517
0.056565 40.085400
0.059393 40.127464
0.062221 40.170583
0.065049 40.214627
0.067877 40.259465
0.070706 40.304959
0.073534 40.350973
0.076362 40.397365
0.079190 40.443993
0.082019 40.490713
0.084847 40.537379
0.087675 40.583845
0.090503 40.629964
0.093331 40.675587
0.096160 40.720567
0.098988 40.764757
0.101816 40.808008
0.104645 40.850175
0.107473 40.891111
0.110301 40.930673
0.113129 40.968717
0.115957 41.005101
0.118786 41.039688
0.121614 41.072338
0.124442 41.102919
0.127270 41.131297
0.130099 41.157343
0.132927 41.180930
0.135755 41.201935
0.138583 41.220238
0.141411 41.235721
0.144240 41.248273
0.147068 41.257782
0.149896 41.264144
0.152724 41.267256
0.155553 41.267021
0.158381 41.263345
0.161209 41.256137
0.164037 41.245314
0.166865 41.230792
0.169694 41.212496
0.172522 41.190352
0.175350 41.164292
0.178178 41.134254
0.181007 41.100176
0.183835 41.062003
0.186663 41.019686
0.189491 40.973176
0.192320 40.922432
0.195148 40.867416
0.197976 40.808094
0.200804 40.744435
0.203632 40.676414
0.206461 40.604009
0.209289 40.527202
0.212117 40.445979
0.214945 40.360328
0.217774 40.270243
0.220602 40.175720
0.223430 40.076759
0.226258 39.973361
0.229086 39.865534
0.231915 39.753285
0.234743 39.636626
0.237571 39.515571
0.240399 39.390136
0.243228 39.260339
0.246056 39.126202
0.248884 38.987746
0.251712 38.844997
0.254541 38.697979
0.257369 38.546721
0.260197 38.391250
0.263025 38.231597
0.265854 38.067791
0.268682 37.899865
0.271510 37.727848
0.274338 37.551774
0.277166 37.371675
0.279995 37.187582
0.282823 36.999528

0.282823 36.999528
0.283823 36.999719
0.284823 37.000289
0.285823 37.001240
0.286823 37.002569
0.287822 37.004275
0.288822 37.006356
0.289822 37.008809
0.290822 37.011632
0.291822 37.014821
0.292822 37.018372
0.293822 37.022281
0.294822 37.026544
0.295822 37.031155
0.296822 37.036109
0.297822 37.041401
0.298822 37.047024
0.299822 37.052972
0.300822 37.059239
0.301822 37.065818
0.302822 37.072701
0.303821 37.079882
0.304821 37.087352
0.305821 37.095104
0.306821 37.103130
0.307821 37.111421
0.308821 37.119970
0.309821 37.128768
0.310821 37.137807
0.311821 37.147077
0.312821 37.156571
0.313821 37.166279
0.314821 37.176193
0.315821 37.186304
0.316821 37.196603
0.317820 37.207080
0.318820 37.217728
0.319820 37.228538
0.320820 37.239500
0.321820 37.250605
0.322820 37.261846
0.323820 37.273213
0.324820 37.284697
0.325820 37.296291
0.326820 37.307985
0.327820 37.319771
0.328820 37.331642
0.329820 37.343588
0.330819 37.355601
0.331819 37.367674
0.332819 37.379798
0.333819 37.391966
0.334819 37.404171
0.335819 37.416403
0.336819 37.428657
0.337819 37.440924
0.338819 37.453197
0.339819 37.465470
0.340819 37.477734
0.341819 37.489985
0.342819 37.502213
0.343819 37.514414
0.344818 37.526580
0.345818 37.538705
0.346818 37.550783
0.347818 37.562808
0.348818 37.574773
0.349818 37.586673
0.350818 37.598503
0.351818 37.610255
0.352818 37.621925
0.353818 37.633508
0.354818 37.644998
0.355818 37.656390
0.356818 37.667679
0.357818 37.678859
0.358818 37.689928
0.359818 37.700878
0.360817 37.711707
0.361817 37.722408
0.362817 37.732980
0.363817 37.743415
0.364817 37.753712
0.365817 37.763865
0.366817 37.773872
0.367817 37.783727
0.368817 37.793428
0.369817 37.802970
0.370817 37.812351
0.371817 37.821566
0.372817 37.830613
0.373816 37.839489
0.374816 37.848191
0.375816 37.856714
0.376816 37.865058
0.377816 37.873219
0.378816 37.881194
0.379816 37.888981
0.380816 37.896577
0.381816 37.903981
0.382816 37.911190

0.382816 33.874680
0.385816 33.943143
0.388815 34.013640
0.391815 34.086134
0.394815 34.160585
0.397815 34.236950
0.400815 34.315181
0.403814 34.395222
0.406814 34.477017
0.409814 34.560502
0.412814 34.645611
0.415814 34.732273
0.418813 34.820412
0.421813 34.909948
0.424813 35.000798
0.427813 35.092875
0.430812 35.186088
0.433812 35.280342
0.436812 35.375543
0.439812 35.471588
0.442812 35.568377
0.445811 35.665805
0.448811 35.763765
0.451811 35.862149
0.454811 35.960849
0.457811 36.059754
0.460810 36.158754
0.463810 36.257735
0.466810 36.356589
0.469810 36.455203
0.472809 36.553467
0.475809 36.651272
0.478809 36.748509
0.481809 36.845073
0.484809 36.940858
0.487808 37.035761
0.490808 37.129683
0.493808 37.222527
0.496808 37.314197
0.499808 37.404604
0.502807 37.493658
0.505807 37.581277
0.508807 37.667381
0.511807 37.751893
0.514807 37.834742
0.517806 37.915862
0.520806 37.995189
0.523806 38.072666
0.526806 38.148241
0.529806 38.221865
0.532805 38.293496
0.535805 38.363097
0.538805 38.430634
0.541805 38.496080
0.544805 38.559414
0.547804 38.620618
0.550804 38.679681
0.553804 38.736595
0.556804 38.791360
0.559803 38.843978
0.562803 38.894458
0.565803 38.942811
0.568803 38.989056
0.571803 39.033214
0.574802 39.075311
0.577802 39.115378
0.580802 39.153447
0.583802 39.189557
0.586801 39.223748
0.589801 39.256065
0.592801 39.286554
0.595801 39.315265
0.598801 39.342251
0.601800 39.367565
0.604800 39.391263
0.607800 39.413403
0.610800 39.434043
0.613800 39.453244
0.616799 39.471065
0.619799 39.487567
0.622799 39.502810
0.625799 39.516854
0.628799 39.529760
0.631798 39.541585
0.634798 39.552388
0.637798 39.562223
0.640798 39.571145
0.643798 39.579206
0.646797 39.586456
0.649797 39.592942
0.652797 39.598708
0.655797 39.603794
0.658797 39.608240
0.661796 39.612079
0.664796 39.615342
0.667796 39.618057
0.670796 39.620246
0.673795 39.621929
0.676795 39.623120
0.679795 39.623831
0.682795 39.624067

0.682795 39.624067
0.685244 39.623676
0.687693 39.622505
0.690143 39.620553
0.692592 39.617818
0.695041 39.614300
0.697491 39.609997
0.699940 39.604906
0.702389 39.599027
0.704839 39.592357
0.707288 39.584893
0.709737 39.576632
0.712187 39.567571
0.714636 39.557708
0.717085 39.547039
0.719535 39.535562
0.721984 39.523273
0.724433 39.510170
0.726882 39.496249
0.729332 39.481509
0.731781 39.465947
0.734231 39.449561
0.736680 39.432351
0.739129 39.414314
0.741578 39.395451
0.744028 39.375762
0.746477 39.355248
0.748926 39.333911
0.751376 39.311753
0.753825 39.288777
0.756274 39.264988
0.758724 39.240391
0.761173 39.214993
0.763622 39.188800
0.766072 39.161823
0.768521 39.134070
0.770970 39.105552
0.773420 39.076284
0.775869 39.046277
0.778318 39.015548
0.780767 38.984113
0.783217 38.951992
0.785666 38.919202
0.788115 38.885766
0.790565 38.851707
0.793014 38.817049
0.795463 38.781819
0.797913 38.746043
0.800362 38.709751
0.802811 38.672975
0.805261 38.635746
0.807710 38.598099
0.810159 38.560070
0.812609 38.521695
0.815058 38.483014
0.817507 38.444067
0.819957 38.404895
0.822406 38.365541
0.824855 38.326052
0.827305 38.286471
0.829754 38.246846
0.832203 38.207226
0.834653 38.167660
0.837102 38.128198
0.839551 38.088892
0.842001 38.049794
0.844450 38.010958
0.846899 37.972437
0.849348 37.934285
0.851798 37.896557
0.854247 37.859310
0.856696 37.822597
0.859146 37.786476
0.861595 37.751000
0.864044 37.716227
0.866494 37.682211
0.868943 37.649007
0.871392 37.616669
0.873842 37.585251
0.876291 37.554806
0.878740 37.525385
0.881189 37.497040
0.883639 37.469819
0.886088 37.443770
0.888537 37.418940
0.890987 37.395374
0.893436 37.373115
0.895886 37.352202
0.898335 37.332675
0.900784 37.314570
0.903233 37.297922
0.905683 37.282761
0.908132 37.269116
0.910581 37.257014
0.913031 37.246478
0.915480 37.237528
0.917929 37.230181
0.920379 37.224452
0.922828 37.220352
0.925277 37.217889
0.927727 37.217067


0.000000 39.624067
0.002828 39.622925
0.005657 39.619501
0.008485 39.613796
0.011313 39.605816
0.014141 39.595566
0.016969 39.583054
0.019798 39.568290
0.022626 39.551285
0.025454 39.532050
0.028282 39.510602
0.031110 39.486954
0.033939 39.461124
0.036767 39.433132
0.039595 39.402995
0.042423 39.370736
0.045252 39.336376
0.048080 39.299939
0.050908 39.261449
0.053736 39.220931
0.056565 39.178410
0.059393 39.133913
0.062221 39.087468
0.065049 39.039101
0.067877 38.988841
0.070706 38.936717
0.073534 38.882758
0.076362 38.826991
0.079190 38.769446
0.082019 38.710153
0.084847 38.649139
0.087675 38.586434
0.090503 38.522067
0.093331 38.456065
0.096160 38.388457
0.098988 38.319270
0.101816 38.248531
0.104645 38.176267
0.107473 38.102505
0.110301 38.027270
0.113129 37.950587
0.115957 37.872482
0.118786 37.792978
0.121614 37.712100
0.124442 37.629872
0.127270 37.546316
0.130099 37.461455
0.132927 37.375313
0.135755 37.287913
0.138583 37.199277
0.141411 37.109428
0.144240 37.018390
0.147068 36.926187
0.149896 36.832844
0.152724 36.738385
0.155553 36.642839
0.158381 36.546233
0.161209 36.448596
0.164037 36.349962
0.166865 36.250363
0.169694 36.149837
0.172522 36.048424
0.175350 35.946168
0.178178 35.843114
0.181007 35.739316
0.183835 35.634830
0.186663 35.529719
0.189491 35.424051
0.192320 35.317901
0.195148 35.211353
0.197976 35.104497
0.200804 34.997435
0.203632 34.890278
0.206461 34.783146
0.209289 34.676175
0.212117 34.569511
0.214945 34.463316
0.217774 34.357766
0.220602 34.253056
0.223430 34.149396
0.226258 34.047018
0.229086 33.946171
0.231915 33.847127
0.234743 33.750179
0.237571 33.655643
0.240399 33.563855
0.243228 33.475176
0.246056 33.389985
0.248884 33.308680
0.251712 33.231677
0.254541 33.159401
0.257369 33.092285
0.260197 33.030763
0.263025 32.975260
0.265854 32.926188
0.268682 32.883929
0.271510 32.848832
0.274338 32.821199
0.277166 32.801278
0.279995 32.789250
0.282823 32.785228

0.282823 36.999528
0.283823 36.999095
0.284823 36.997795
0.285823 36.995628
0.286823 36.992594
0.287822 36.988695
0.288822 36.983929
0.289822 36.978298
0.290822 36.971802
0.291822 36.964441
0.292822 36.956217
0.293822 36.947129
0.294822 36.937179
0.295822 36.926367
0.296822 36.914695
0.297822 36.902163
0.298822 36.888772
0.299822 36.874524
0.300822 36.859419
0.301822 36.843460
0.302822 36.826646
0.303821 36.808981
0.304821 36.790464
0.305821 36.771098
0.306821 36.750885
0.307821 36.729825
0.308821 36.707921
0.309821 36.685175
0.310821 36.661588
0.311821 36.637163
0.312821 36.611901
0.313821 36.585804
0.314821 36.558876
0.315821 36.531117
0.316821 36.502530
0.317820 36.473119
0.318820 36.442884
0.319820 36.411828
0.320820 36.379955
0.321820 36.347266
0.322820 36.313765
0.323820 36.279454
0.324820 36.244336
0.325820 36.208413
0.326820 36.171689
0.327820 36.134167
0.328820 36.095850
0.329820 36.056741
0.330819 36.016843
0.331819 35.976159
0.332819 35.934693
0.333819 35.892448
0.334819 35.849427
0.335819 35.805634
0.336819 35.761073
0.337819 35.715747
0.338819 35.669659
0.339819 35.622814
0.340819 35.575215
0.341819 35.526866
0.342819 35.477770
0.343819 35.427933
0.344818 35.377357
0.345818 35.326048
0.346818 35.274008
0.347818 35.221242
0.348818 35.167755
0.349818 35.113551
0.350818 35.058633
0.351818 35.003007
0.352818 34.946677
0.353818 34.889647
0.354818 34.831923
0.355818 34.773508
0.356818 34.714407
0.357818 34.654626
0.358818 34.594169
0.359818 34.533041
0.360817 34.471247
0.361817 34.408793
0.362817 34.345683
0.363817 34.281923
0.364817 34.217518
0.365817 34.152474
0.366817 34.086798
0.367817 34.020493
0.368817 33.953568
0.369817 33.886027
0.370817 33.817878
0.371817 33.749128
0.372817 33.679783
0.373816 33.609851
0.374816 33.539340
0.375816 33.468258
0.376816 33.396615
0.377816 33.324420
0.378816 33.251684
0.379816 33.178420
0.380816 33.104641
0.381816 33.030363
0.382816 32.955602

0.382816 37.911190
0.385816 37.931625
0.388815 37.950237
0.391815 37.966984
0.394815 37.981831
0.397815 37.994754
0.400815 38.005738
0.403814 38.014775
0.406814 38.021868
0.409814 38.027029
0.412814 38.030279
0.415814 38.031650
0.418813 38.031181
0.421813 38.028923
0.424813 38.024938
0.427813 38.019297
0.430812 38.012080
0.433812 38.003379
0.436812 37.993297
0.439812 37.981944
0.442812 37.969443
0.445811 37.955924
0.448811 37.941527
0.451811 37.926401
0.454811 37.910703
0.457811 37.894596
0.460810 37.878250
0.463810 37.861840
0.466810 37.845545
0.469810 37.829548
0.472809 37.814033
0.475809 37.799182
0.478809 37.785178
0.481809 37.772201
0.484809 37.760425
0.487808 37.750021
0.490808 37.741148
0.493808 37.733960
0.496808 37.728600
0.499808 37.725197
0.502807 37.723871
0.505807 37.724726
0.508807 37.727852
0.511807 37.733326
0.514807 37.741207
0.517806 37.751541
0.520806 37.764357
0.523806 37.779668
0.526806 37.797474
0.529806 37.817760
0.532805 37.840494
0.535805 37.865633
0.538805 37.893122
0.541805 37.922891
0.544805 37.954862
0.547804 37.988944
0.550804 38.025038
0.553804 38.063037
0.556804 38.102826
0.559803 38.144281
0.562803 38.187276
0.565803 38.231677
0.568803 38.277347
0.571803 38.324146
0.574802 38.371929
0.577802 38.420551
0.580802 38.469865
0.583802 38.519723
0.586801 38.569975
0.589801 38.620474
0.592801 38.671073
0.595801 38.721624
0.598801 38.771982
0.601800 38.822005
0.604800 38.871553
0.607800 38.920486
0.610800 38.968670
0.613800 39.015973
0.616799 39.062266
0.619799 39.107426
0.622799 39.151332
0.625799 39.193867
0.628799 39.234921
0.631798 39.274385
0.634798 39.312159
0.637798 39.348144
0.640798 39.382248
0.643798 39.414386
0.646797 39.444476
0.649797 39.472441
0.652797 39.498212
0.655797 39.521725
0.658797 39.542922
0.661796 39.561749
0.664796 39.578160
0.667796 39.592116
0.670796 39.603580
0.673795 39.612527
0.676795 39.618933
0.679795 39.622782
0.682795 39.624067

0.682795 39.624067
0.685244 39.623676
0.687693 39.622505
0.690143 39.620553
0.692592 39.617818
0.695041 39.614300
0.697491 39.609997
0.699940 39.604906
0.702389 39.599027
0.704839 39.592357
0.707288 39.584893
0.709737 39.576632
0.712187 39.567571
0.714636 39.557708
0.717085 39.547039
0.719535 39.535562
0.721984 39.523273
0.724433 39.510170
0.726882 39.496249
0.729332 39.481509
0.731781 39.465947
0.734231 39.449561
0.736680 39.432351
0.739129 39.414314
0.741578 39.395451
0.744028 39.375762
0.746477 39.355248
0.748926 39.333911
0.751376 39.311753
0.753825 39.288777
0.756274 39.264988
0.758724 39.240391
0.761173 39.214993
0.763622 39.188800
0.766072 39.161823
0.768521 39.134070
0.770970 39.105552
0.773420 39.076284
0.775869 39.046277
0.778318 39.015548
0.780767 38.984113
0.783217 38.951992
0.785666 38.919202
0.788115 38.885766
0.790565 38.851707
0.793014 38.817049
0.795463 38.781819
0.797913 38.746043
0.800362 38.709751
0.802811 38.672975
0.805261 38.635746
0.807710 38.598099
0.810159 38.560070
0.812609 38.521695
0.815058 38.483014
0.817507 38.444067
0.819957 38.404895
0.822406 38.365541
0.824855 38.326052
0.827305 38.286471
0.829754 38.246846
0.832203 38.207226
0.834653 38.167660
0.837102 38.128198
0.839551 38.088892
0.842001 38.049794
0.844450 38.010958
0.846899 37.972437
0.849348 37.934285
0.851798 37.896557
0.854247 37.859310
0.856696 37.822597
0.859146 37.786476
0.861595 37.751000
0.864044 37.716227
0.866494 37.682211
0.868943 37.649007
0.871392 37.616669
0.873842 37.585251
0.876291 37.554806
0.878740 37.525385
0.881189 37.497040
0.883639 37.469819
0.886088 37.443770
0.888537 37.418940
0.890987 37.395374
0.893436 37.373115
0.895886 37.352202
0.898335 37.332675
0.900784 37.314570
0.903233 37.297922
0.905683 37.282761
0.908132 37.269116
0.910581 37.257014
0.913031 37.246478
0.915480 37.237528
0.917929 37.230181
0.920379 37.224452
0.922828 37.220352
0.925277 37.217889
0.927727 37.217067


