0.00000000 0.00108175
0.00234845 0.05006414
0.00469689 0.09907378
0.00704534 0.14834999
0.00939378 0.19772983
0.01174223 0.24718856
0.01409067 0.29672227
0.01643912 0.34633025
0.01878757 0.39601031
0.02113601 0.44575698
0.02348446 0.49556062
0.02583290 0.54540711
0.02818135 0.59527757
0.03052979 0.64514845
0.03287824 0.69499159
0.03522669 0.74477447
0.03757513 0.79446048
0.03992358 0.84400933
0.04227202 0.89337741
0.04462047 0.94251828
0.04696891 0.99138310
0.04931736 1.03992114
0.05166581 1.08808025
0.05401425 1.13580734
0.05636270 1.18304884
0.05871114 1.22975117
0.06105959 1.27586111
0.06340803 1.32132628
0.06575648 1.36609544
0.06810493 1.41011886
0.07045337 1.45334867
0.07280182 1.49573910
0.07515026 1.53724674
0.07749871 1.57783082
0.07984715 1.61745336
0.08219560 1.65607937
0.08454405 1.69367699
0.08689249 1.73021763
0.08924094 1.76567606
0.09158938 1.80003048
0.09393783 1.83326262
0.09628627 1.86535773
0.09863472 1.89630460
0.10098317 1.92609558
0.10333161 1.95472656
0.10568006 1.98219688
0.10802850 2.00850931
0.11037695 2.03366997
0.11272539 2.05768821
0.11507384 2.08057651
0.11742229 2.10235032
0.11977073 2.12302796
0.12211918 2.14263040
0.12446762 2.16118113
0.12681607 2.17870590
0.12916451 2.19523257
0.13151296 2.21079083
0.13386141 2.22541202
0.13620985 2.23912885
0.13855830 2.25197512
0.14090674 2.26398553
0.14325519 2.27519535
0.14560363 2.28564018
0.14795208 2.29535570
0.15030053 2.30437737
0.15264897 2.31274022
0.15499742 2.32047859
0.15734586 2.32762590
0.15969431 2.33421445
0.16204275 2.34027521
0.16439120 2.34583769
0.16673965 2.35092975
0.16908809 2.35557754
0.17143654 2.35980535
0.17378498 2.36363560
0.17613343 2.36708878
0.17848187 2.37018344
0.18083032 2.37293621
0.18317877 2.37536185
0.18552721 2.37747327
0.18787566 2.37928162
0.19022410 2.38079637
0.19257255 2.38202534
0.19492099 2.38297483
0.19726944 2.38364965
0.19961789 2.38405320
0.20196633 2.38418749

0.20196633 2.38418749
0.20429844 2.38594411
0.20663054 2.39119747
0.20896265 2.39989848
0.21129476 2.41196660
0.21362686 2.42729180
0.21595897 2.44573697
0.21829108 2.46714093
0.22062318 2.49132170
0.22295529 2.51807999
0.22528739 2.54720267
0.22761950 2.57846623
0.22995161 2.61164004
0.23228371 2.64648939
0.23461582 2.68277817
0.23694793 2.72027138
0.23928003 2.75873720
0.24161214 2.79794883
0.24394425 2.83768600
0.24627635 2.87773633
0.24860846 2.91789627
0.25094056 2.95797207
0.25327267 2.99778036
0.25560478 3.03714876
0.25793688 3.07591620
0.26026899 3.11393324
0.26260110 3.15106222
0.26493320 3.18717735
0.26726531 3.22216465
0.26959742 3.25592193
0.27192952 3.28835850
0.27426163 3.31939501
0.27659373 3.34896305
0.27892584 3.37700478
0.28125795 3.40347248
0.28359005 3.42832798
0.28592216 3.45154217
0.28825427 3.47309431
0.29058637 3.49297147
0.29291848 3.51116783
0.29525058 3.52768401
0.29758269 3.54252644
0.29991480 3.55570667
0.30224690 3.56724074
0.30457901 3.57714858
0.30691112 3.58545338
0.30924322 3.59218111
0.31157533 3.59735995
0.31390744 3.60101984
0.31623954 3.60319206
0.31857165 3.60390886

0.31857165 3.60390886
0.32090375 3.60320309
0.32323586 3.60110791
0.32556797 3.59765657
0.32790007 3.59288214
0.33023218 3.58681733
0.33256429 3.57949436
0.33489639 3.57094483
0.33722850 3.56119958
0.33956060 3.55028867
0.34189271 3.53824129
0.34422482 3.52508572
0.34655692 3.51084932
0.34888903 3.49555851
0.35122114 3.47923879
0.35355324 3.46191472
0.35588535 3.44360998
0.35821746 3.42434735
0.36054956 3.40414879
0.36288167 3.38303543
0.36521377 3.36102764
0.36754588 3.33814505
0.36987799 3.31440661
0.37221009 3.28983064
0.37454220 3.26443484
0.37687431 3.23823635
0.37920641 3.21125183
0.38153852 3.18349744
0.38387062 3.15498894
0.38620273 3.12574168
0.38853484 3.09577068
0.39086694 3.06509067
0.39319905 3.03371608
0.39553116 3.00166112
0.39786326 2.96893981
0.40019537 2.93556598
0.40252748 2.90155334
0.40485958 2.86691548
0.40719169 2.83166589
0.40952379 2.79581804
0.41185590 2.75938530
0.41418801 2.72238107
0.41652011 2.68481873
0.41885222 2.64671166
0.42118433 2.60807329
0.42351643 2.56891708
0.42584854 2.52925652
0.42818064 2.48910518
0.43051275 2.44847670
0.43284486 2.40738475
0.43517696 2.36584310
0.43750907 2.32386557
0.43984118 2.28146607
0.44217328 2.23865854
0.44450539 2.19545701
0.44683750 2.15187553
0.44916960 2.10792821
0.45150171 2.06362919
0.45383381 2.01899263
0.45616592 1.97403266
0.45849803 1.92876345
0.46083013 1.88319910
0.46316224 1.83735366
0.46549435 1.79124114
0.46782645 1.74487543
0.47015856 1.69827031
0.47249066 1.65143942
0.47482277 1.60439624
0.47715488 1.55715406
0.47948698 1.50972593
0.48181909 1.46212467
0.48415120 1.41436282
0.48648330 1.36645261
0.48881541 1.31840594
0.49114752 1.27023433
0.49347962 1.22194894
0.49581173 1.17356048
0.49814383 1.12507924
0.50047594 1.07651502
0.50280805 1.02787713
0.50514015 0.97917438
0.50747226 0.93041503
0.50980437 0.88160679
0.51213647 0.83275684
0.51446858 0.78387176
0.51680069 0.73495757
0.51913279 0.68601973
0.52146490 0.63706315
0.52379700 0.58809217
0.52612911 0.53911065
0.52846122 0.49012197
0.53079332 0.44112908
0.53312543 0.39213465
0.53545754 0.34314118
0.53778964 0.29415133
0.54012175 0.24516853
0.54245385 0.19619846
0.54478596 0.14725335
0.54711807 0.09836918
0.54945017 0.04972319
0.55178228 0.00108175

0.55178228 0.00108175
0.55413641 0.10431497
0.55649054 0.20807724
0.55884466 0.31187050
0.56119879 0.41556861
0.56355292 0.51911351
0.56590705 0.62245866
0.56826117 0.72556099
0.57061530 0.82837887
0.57296943 0.93087151
0.57532356 1.03299868
0.57767769 1.13472069
0.58003181 1.23599830
0.58238594 1.33679278
0.58474007 1.43706587
0.58709420 1.53677986
0.58944832 1.63589758
0.59180245 1.73438243
0.59415658 1.83219844
0.59651071 1.92931024
0.59886484 2.02568317
0.60121896 2.12128322
0.60357309 2.21607713
0.60592722 2.31003236
0.60828135 2.40311716
0.61063548 2.49530055
0.61298960 2.58655238
0.61534373 2.67684332
0.61769786 2.76614489
0.62005199 2.85442948
0.62240611 2.94167038
0.62476024 3.02784174
0.62711437 3.11291865
0.62946850 3.19687711
0.63182263 3.27969404
0.63417675 3.36134730
0.63653088 3.44181569
0.63888501 3.52107896
0.64123914 3.59911779
0.64359326 3.67591382
0.64594739 3.75144962
0.64830152 3.82570871
0.65065565 3.89867555
0.65300978 3.97033551
0.65536390 4.04067490
0.65771803 4.10968092
0.66007216 4.17734167
0.66242629 4.24364615

0.66242629 4.24364615
0.66477473 4.24449356
0.66712318 4.24703033
0.66947162 4.25124011
0.67182007 4.25709588
0.67416852 4.26456016
0.67651696 4.27358542
0.67886541 4.28411457
0.68121385 4.29608147
0.68356230 4.30941158
0.68591074 4.32402266
0.68825919 4.33982547
0.69060764 4.35672460
0.69295608 4.37461920
0.69530453 4.39340384
0.69765297 4.41296931
0.70000142 4.43320340
0.70234986 4.45399173
0.70469831 4.47521846
0.70704676 4.49676707
0.70939520 4.51852102
0.71174365 4.54036443
0.71409209 4.56218269
0.71644054 4.58386305
0.71878898 4.60529514
0.72113743 4.62637145
0.72348588 4.64698782
0.72583432 4.66704381
0.72818277 4.68644309
0.73053121 4.70509377
0.73287966 4.72290870
0.73522810 4.73980574
0.73757655 4.75570801
0.73992500 4.77054407
0.74227344 4.78424813
0.74462189 4.79676020
0.74697033 4.80802625
0.74931878 4.81799828
0.75166722 4.82663450
0.75401567 4.83389932
0.75636412 4.83976349
0.75871256 4.84420415
0.76106101 4.84720481
0.76340945 4.84875543
0.76575790 4.84885245
0.76810634 4.84749871
0.77045479 4.84470353
0.77280324 4.84048263
0.77515168 4.83485811
0.77750013 4.82785839
0.77984857 4.81951819
0.78219702 4.80987837
0.78454546 4.79898592
0.78689391 4.78689379
0.78924236 4.77366079
0.79159080 4.75935144
0.79393925 4.74403577
0.79628769 4.72778918
0.79863614 4.71069217
0.80098458 4.69283011
0.80333303 4.67429299
0.80568148 4.65517507
0.80802992 4.63557458
0.81037837 4.61559333
0.81272681 4.59533630
0.81507526 4.57491118
0.81742370 4.55442790
0.81977215 4.53399811
0.82212060 4.51373459
0.82446904 4.49375065
0.82681749 4.47415949
0.82916593 4.45507355
0.83151438 4.43660374
0.83386282 4.41885877
0.83621127 4.40194436
0.83855972 4.38596247
0.84090816 4.37101054
0.84325661 4.35718072
0.84560505 4.34455908
0.84795350 4.33322494
0.85030194 4.32325011
0.85265039 4.31469828
0.85499884 4.30762440
0.85734728 4.30207421
0.85969573 4.29808374
0.86204417 4.29567898
0.86439262 4.29487564

0.86439262 4.29487564
0.86672473 4.29219384
0.86905683 4.28424149
0.87138894 4.27128049
0.87372104 4.25369677
0.87605315 4.23194463
0.87838526 4.20649636
0.88071736 4.17780607
0.88304947 4.14628912
0.88538158 4.11231394
0.88771368 4.07620205
0.89004579 4.03823236
0.89237790 3.99864730
0.89471000 3.95765925
0.89704211 3.91545654
0.89937421 3.87220862
0.90170632 3.82807044
0.90403843 3.78318604
0.90637053 3.73769147
0.90870264 3.69171711
0.91103475 3.64538953
0.91336685 3.59883297
0.91569896 3.55217049
0.91803106 3.50552488
0.92036317 3.45901932
0.92269528 3.41277788
0.92502738 3.36692585
0.92735949 3.32158989
0.92969160 3.27689816
0.93202370 3.23298018
0.93435581 3.18996667
0.93668792 3.14798924
0.93902002 3.10718001
0.94135213 3.06767105
0.94368423 3.02959378
0.94601634 2.99307821
0.94834845 2.95825216
0.95068055 2.92524032
0.95301266 2.89416327
0.95534477 2.86513644
0.95767687 2.83826904
0.96000898 2.81366294
0.96234108 2.79141164
0.96467319 2.77159919
0.96700530 2.75429928
0.96933740 2.73957434
0.97166951 2.72747487
0.97400162 2.71803888
0.97633372 2.71129154
0.97866583 2.70724500
0.98099794 2.70589847

0.98099794 2.70589847
0.98333004 2.70723842
0.98566215 2.71123908
0.98799425 2.71786301
0.99032636 2.72706193
0.99265847 2.73877752
0.99499057 2.75294248
0.99732268 2.76948150
0.99965479 2.78831230
1.00198689 2.80934668
1.00431900 2.83249149
1.00665110 2.85764956
1.00898321 2.88472052
1.01131532 2.91360160
1.01364742 2.94418824
1.01597953 2.97637472
1.01831164 3.01005460
1.02064374 3.04512115
1.02297585 3.08146767
1.02530796 3.11898777
1.02764006 3.15757560
1.02997217 3.19712602
1.03230427 3.23753475
1.03463638 3.27869854
1.03696849 3.32051523
1.03930059 3.36288390
1.04163270 3.40570493
1.04396481 3.44888016
1.04629691 3.49231293
1.04862902 3.53590819
1.05096112 3.57957260
1.05329323 3.62321462
1.05562534 3.66674459
1.05795744 3.71007484
1.06028955 3.75311971
1.06262166 3.79579572
1.06495376 3.83802152
1.06728587 3.87971804
1.06961798 3.92080852
1.07195008 3.96121849
1.07428219 4.00087589
1.07661429 4.03971105
1.07894640 4.07765672
1.08127851 4.11464805
1.08361061 4.15062267
1.08594272 4.18552063
1.08827483 4.21928441
1.09060693 4.25185896
1.09293904 4.28319168
1.09527114 4.31323243
1.09760325 4.34193354
1.09993536 4.36924985
1.10226746 4.39513875
1.10459957 4.41956021
1.10693168 4.44247687
1.10926378 4.46385414
1.11159589 4.48366028
1.11392800 4.50186658
1.11626010 4.51844750
1.11859221 4.53338088
1.12092431 4.54664820
1.12325642 4.55823483
1.12558853 4.56813031
1.12792063 4.57632875
1.13025274 4.58282914
1.13258485 4.58763581
1.13491695 4.59075881
1.13724906 4.59221441
1.13958116 4.59202551
1.14191327 4.59022212
1.14424538 4.58684182
1.14657748 4.58193018
1.14890959 4.57554112
1.15124170 4.56773728
1.15357380 4.55859025
1.15590591 4.54818074
1.15823802 4.53659863
1.16057012 4.52394297
1.16290223 4.51032169
1.16523433 4.49585135
1.16756644 4.48065662
1.16989855 4.46486963
1.17223065 4.44862917
1.17456276 4.43207975
1.17689487 4.41537050
1.17922697 4.39865392
1.18155908 4.38208453
1.18389119 4.36581745
1.18622329 4.35000678
1.18855540 4.33480407
1.19088750 4.32035663
1.19321961 4.30680590
1.19555172 4.29428582
1.19788382 4.28292121
1.20021593 4.27282626
1.20254804 4.26410311
1.20488014 4.25684057
1.20721225 4.25111294
1.20954435 4.24697907
1.21187646 4.24448154
1.21420857 4.24364615

1.21420857 4.29487564
1.21656270 4.23477362
1.21891682 4.17458701
1.22127095 4.11437723
1.22362508 4.05420594
1.22597921 3.99413503
1.22833333 3.93422653
1.23068746 3.87454268
1.23304159 3.81514583
1.23539572 3.75609848
1.23774985 3.69746321
1.24010397 3.63930274
1.24245810 3.58167988
1.24481223 3.52465751
1.24716636 3.46829862
1.24952048 3.41266628
1.25187461 3.35782363
1.25422874 3.30383390
1.25658287 3.25076039
1.25893700 3.19866648
1.26129112 3.14761559
1.26364525 3.09767121
1.26599938 3.04889684
1.26835351 3.00135596
1.27070763 2.95511201
1.27306176 2.91022832
1.27541589 2.86676805
1.27777002 2.82479408
1.28012415 2.78436893
1.28247827 2.74555461
1.28483240 2.70841247
1.28718653 2.67300304
1.28954066 2.63938579
1.29189479 2.60761892
1.29424891 2.57775912
1.29660304 2.54986124
1.29895717 2.52397803
1.30131130 2.50015978
1.30366542 2.47845401
1.30601955 2.45890512
1.30837368 2.44155400
1.31072781 2.42643773
1.31308194 2.41358923
1.31543606 2.40303693
1.31779019 2.39480453
1.32014432 2.38891071
1.32249845 2.38536898
1.32485257 2.38418749

1.32485257 2.70589847
1.32720670 2.71254380
1.32956083 2.73236333
1.33191496 2.76501608
1.33426909 2.80996034
1.33662321 2.86648908
1.33897734 2.93377169
1.34133147 3.01089687
1.34368560 3.09691242
1.34603973 3.19085890
1.34839385 3.29179610
1.35074798 3.39882208
1.35310211 3.51108568
1.35545624 3.62779354
1.35781036 3.74821298
1.36016449 3.87167192
1.36251862 3.99755677
1.36487275 4.12530908
1.36722688 4.25442159
1.36958100 4.38443399
1.37193513 4.35953611
1.37428926 4.30931445
1.37664339 4.26035164
1.37899751 4.21270941
1.38135164 4.16644879
1.38370577 4.12163005
1.38605990 4.07831255
1.38841403 4.03655469
1.39076815 3.99641374
1.39312228 3.95794574
1.39547641 3.92120537
1.39783054 3.88624578
1.40018467 3.85311844
1.40253879 3.82187299
1.40489292 3.79255702
1.40724705 3.76521596
1.40960118 3.73989283
1.41195530 3.71662811
1.41430943 3.69545951
1.41666356 3.67642182
1.41901769 3.65954670
1.42137182 3.64486256
1.42372594 3.63239436
1.42608007 3.62216346
1.42843420 3.61418756
1.43078833 3.60848051
1.43314245 3.60505227
1.43549658 3.60390886



0.00000000 0.00842933
0.00234845 0.09367763
0.00469689 0.18733641
0.00704534 0.28097831
0.00939378 0.37459221
0.01174223 0.46816820
0.01409067 0.56169649
0.01643912 0.65516725
0.01878757 0.74857054
0.02113601 0.84189628
0.02348446 0.93513425
0.02583290 1.02827405
0.02818135 1.12130507
0.03052979 1.21421651
0.03287824 1.30699734
0.03522669 1.39963627
0.03757513 1.49212179
0.03992358 1.58444211
0.04227202 1.67658516
0.04462047 1.76853859
0.04696891 1.86028977
0.04931736 1.95182575
0.05166581 2.04313331
0.05401425 2.13419888
0.05636270 2.22500861
0.05871114 2.31554832
0.06105959 2.40580351
0.06340803 2.49575938
0.06575648 2.58540078
0.06810493 2.67471228
0.07045337 2.76367810
0.07280182 2.85228214
0.07515026 2.94050800
0.07749871 3.02833895
0.07984715 3.11575793
0.08219560 3.20274756
0.08454405 3.28929014
0.08689249 3.37536762
0.08924094 3.46096161
0.09158938 3.54605337
0.09393783 3.63062377
0.09628627 3.71465332
0.09863472 3.79812208
0.10098317 3.88100969
0.10333161 3.96329531
0.10568006 4.04495754
0.10802850 4.12597446
0.11037695 4.20632345
0.11272539 4.28598121
0.11507384 4.36492363
0.11742229 4.44312568
0.11977073 4.52056134
0.12211918 4.59720341
0.12446762 4.67302335
0.12681607 4.74799114
0.12916451 4.82207505
0.13151296 4.89524137
0.13386141 4.96745418
0.13620985 5.03867500
0.13855830 5.10886243
0.14090674 5.17797179
0.14325519 5.24595459
0.14560363 5.31275809
0.14795208 5.37832466
0.15030053 5.44259118
0.15264897 5.50548831
0.15499742 5.56693975
0.15734586 5.62686136
0.15969431 5.68516030
0.16204275 5.74173414
0.16439120 5.79646991
0.16673965 5.84924320
0.16908809 5.89991742
0.17143654 5.94834320
0.17378498 5.99435803
0.17613343 6.03778642
0.17848187 6.07844059
0.18083032 6.08876263
0.18317877 6.07988799
0.18552721 6.07191432
0.18787566 6.06489381
0.19022410 6.05887267
0.19257255 6.05389068
0.19492099 6.04998093
0.19726944 6.04716944
0.19961789 6.04547499
0.20196633 6.04490892

0.20196633 6.04490892
0.20429844 6.04524093
0.20663054 6.04623909
0.20896265 6.04790965
0.21129476 6.05026303
0.21362686 6.05331364
0.21595897 6.05707982
0.21829108 6.06158361
0.22062318 6.06685059
0.22295529 6.07290961
0.22528739 6.07979255
0.22761950 6.08753399
0.22995161 6.09617088
0.23228371 6.10574217
0.23461582 6.11628846
0.23694793 6.12785152
0.23928003 6.14047392
0.24161214 6.15419853
0.24394425 6.16906812
0.24627635 6.18512479
0.24860846 6.20240957
0.25094056 6.22096191
0.25327267 6.24081920
0.25560478 6.26201629
0.25793688 6.28458502
0.26026899 6.30855380
0.26260110 6.33394717
0.26493320 6.36078539
0.26726531 6.38908408
0.26959742 6.41885385
0.27192952 6.45010002
0.27426163 6.48282236
0.27659373 6.51701482
0.27892584 6.55266534
0.28125795 6.58975576
0.28359005 6.62826165
0.28592216 6.66815228
0.28825427 6.70939059
0.29058637 6.75193318
0.29291848 6.79573042
0.29525058 6.84072646
0.29758269 6.88685935
0.29991480 6.93406117
0.30224690 6.98225802
0.30457901 7.03137003
0.30691112 7.08131095
0.30924322 7.13198685
0.31157533 7.18329164
0.31390744 7.23508824
0.31623954 7.28707295
0.31857165 7.32845778

0.31857165 7.32845778
0.32090375 7.25948672
0.32323586 7.18485110
0.32556797 7.11162170
0.32790007 7.04009285
0.33023218 6.97041073
0.33256429 6.90269050
0.33489639 6.83703318
0.33722850 6.77352947
0.33956060 6.71226071
0.34189271 6.65329887
0.34422482 6.59670633
0.34655692 6.54253559
0.34888903 6.49082886
0.35122114 6.44161783
0.35355324 6.39492333
0.35588535 6.35075518
0.35821746 6.30911208
0.36054956 6.26998153
0.36288167 6.23333992
0.36521377 6.19915264
0.36754588 6.16737430
0.36987799 6.13794904
0.37221009 6.11081094
0.37454220 6.08588444
0.37687431 6.06308487
0.37920641 6.04231907
0.38153852 6.02348600
0.38387062 6.00647741
0.38620273 5.96500283
0.38853484 5.89979534
0.39086694 5.83377130
0.39319905 5.76694031
0.39553116 5.69931234
0.39786326 5.63089765
0.40019537 5.56170681
0.40252748 5.49175067
0.40485958 5.42104035
0.40719169 5.34958723
0.40952379 5.27740295
0.41185590 5.20449935
0.41418801 5.13088852
0.41652011 5.05658273
0.41885222 4.98159444
0.42118433 4.90593628
0.42351643 4.82962105
0.42584854 4.75266169
0.42818064 4.67507126
0.43051275 4.59686293
0.43284486 4.51804998
0.43517696 4.43864577
0.43750907 4.35866374
0.43984118 4.27811736
0.44217328 4.19702018
0.44450539 4.11538575
0.44683750 4.03322764
0.44916960 3.95055944
0.45150171 3.86739472
0.45383381 3.78374702
0.45616592 3.69962987
0.45849803 3.61505673
0.46083013 3.53004102
0.46316224 3.44459611
0.46549435 3.35873526
0.46782645 3.27247167
0.47015856 3.18581845
0.47249066 3.09878861
0.47482277 3.01139503
0.47715488 2.92365051
0.47948698 2.83556770
0.48181909 2.74715914
0.48415120 2.65843724
0.48648330 2.56941428
0.48881541 2.48010238
0.49114752 2.39051354
0.49347962 2.30065962
0.49581173 2.21055230
0.49814383 2.12020317
0.50047594 2.02962362
0.50280805 1.93882493
0.50514015 1.84781822
0.50747226 1.75661448
0.50980437 1.66522454
0.51213647 1.57365910
0.51446858 1.48192875
0.51680069 1.39004391
0.51913279 1.29801491
0.52146490 1.20585194
0.52379700 1.11356507
0.52612911 1.02116428
0.52846122 0.92865945
0.53079332 0.83606035
0.53312543 0.74337666
0.53545754 0.65061801
0.53778964 0.55779394
0.54012175 0.46491394
0.54245385 0.37198748
0.54478596 0.27902403
0.54711807 0.18603323
0.54945017 0.09302597
0.55178228 0.00842933

0.55178228 0.00842933
0.55413641 0.10431497
0.55649054 0.20807724
0.55884466 0.31187050
0.56119879 0.41556861
0.56355292 0.51911351
0.56590705 0.62245866
0.56826117 0.72556099
0.57061530 0.82837887
0.57296943 0.93087151
0.57532356 1.03299868
0.57767769 1.13472069
0.58003181 1.23599830
0.58238594 1.33679278
0.58474007 1.43706587
0.58709420 1.53677986
0.58944832 1.63589758
0.59180245 1.73438243
0.59415658 1.83219844
0.59651071 1.92931024
0.59886484 2.02568317
0.60121896 2.12128322
0.60357309 2.21607713
0.60592722 2.31003236
0.60828135 2.40311716
0.61063548 2.49530055
0.61298960 2.58655238
0.61534373 2.67684332
0.61769786 2.76614489
0.62005199 2.85442948
0.62240611 2.94167038
0.62476024 3.02784174
0.62711437 3.11291865
0.62946850 3.19687711
0.63182263 3.27969404
0.63417675 3.36134730
0.63653088 3.44181569
0.63888501 3.52107896
0.64123914 3.59911779
0.64359326 3.67591382
0.64594739 3.75144962
0.64830152 3.82570871
0.65065565 3.89867555
0.65300978 3.97033551
0.65536390 4.04067490
0.65771803 4.10968092
0.66007216 4.17734167
0.66242629 4.24364615

0.66242629 4.24364615
0.66477473 4.24449356
0.66712318 4.24703033
0.66947162 4.25124011
0.67182007 4.25709588
0.67416852 4.26456016
0.67651696 4.27358542
0.67886541 4.28411457
0.68121385 4.29608147
0.68356230 4.30941158
0.68591074 4.32402266
0.68825919 4.33982547
0.69060764 4.35672460
0.69295608 4.37461920
0.69530453 4.39340384
0.69765297 4.41296931
0.70000142 4.43320340
0.70234986 4.45399173
0.70469831 4.47521846
0.70704676 4.49676707
0.70939520 4.51852102
0.71174365 4.54036443
0.71409209 4.56218269
0.71644054 4.58386305
0.71878898 4.60529514
0.72113743 4.62637145
0.72348588 4.64698782
0.72583432 4.66704381
0.72818277 4.68644309
0.73053121 4.70509377
0.73287966 4.72290870
0.73522810 4.73980574
0.73757655 4.75570801
0.73992500 4.77054407
0.74227344 4.78424813
0.74462189 4.79676020
0.74697033 4.80802625
0.74931878 4.81799828
0.75166722 4.82663450
0.75401567 4.83389932
0.75636412 4.83976349
0.75871256 4.84420415
0.76106101 4.84720481
0.76340945 4.84875543
0.76575790 4.84885245
0.76810634 4.84749871
0.77045479 4.84470353
0.77280324 4.84048263
0.77515168 4.83485811
0.77750013 4.82785839
0.77984857 4.81951819
0.78219702 4.80987837
0.78454546 4.79898592
0.78689391 4.78689379
0.78924236 4.77366079
0.79159080 4.75935144
0.79393925 4.74403577
0.79628769 4.72778918
0.79863614 4.71069217
0.80098458 4.69283011
0.80333303 4.67429299
0.80568148 4.65517507
0.80802992 4.63557458
0.81037837 4.61559333
0.81272681 4.59533630
0.81507526 4.57491118
0.81742370 4.55442790
0.81977215 4.53399811
0.82212060 4.51373459
0.82446904 4.49375065
0.82681749 4.47415949
0.82916593 4.45507355
0.83151438 4.43660374
0.83386282 4.41885877
0.83621127 4.40194436
0.83855972 4.38596247
0.84090816 4.37101054
0.84325661 4.35718072
0.84560505 4.34455908
0.84795350 4.33322494
0.85030194 4.32325011
0.85265039 4.31469828
0.85499884 4.30762440
0.85734728 4.30207421
0.85969573 4.29808374
0.86204417 4.29567898
0.86439262 4.29487564

0.86439262 4.29487564
0.86672473 4.29219384
0.86905683 4.28424149
0.87138894 4.27128049
0.87372104 4.25369677
0.87605315 4.23194463
0.87838526 4.20649636
0.88071736 4.17780607
0.88304947 4.14628912
0.88538158 4.11231394
0.88771368 4.07620205
0.89004579 4.03823236
0.89237790 3.99864730
0.89471000 3.95765925
0.89704211 3.91545654
0.89937421 3.87220862
0.90170632 3.82807044
0.90403843 3.78318604
0.90637053 3.73769147
0.90870264 3.69171711
0.91103475 3.64538953
0.91336685 3.59883297
0.91569896 3.55217049
0.91803106 3.50552488
0.92036317 3.45901932
0.92269528 3.41277788
0.92502738 3.36692585
0.92735949 3.32158989
0.92969160 3.27689816
0.93202370 3.23298018
0.93435581 3.18996667
0.93668792 3.14798924
0.93902002 3.10718001
0.94135213 3.06767105
0.94368423 3.02959378
0.94601634 2.99307821
0.94834845 2.95825216
0.95068055 2.92524032
0.95301266 2.89416327
0.95534477 2.86513644
0.95767687 2.83826904
0.96000898 2.81366294
0.96234108 2.79141164
0.96467319 2.77159919
0.96700530 2.75429928
0.96933740 2.73957434
0.97166951 2.72747487
0.97400162 2.71803888
0.97633372 2.71129154
0.97866583 2.70724500
0.98099794 2.70589847

0.98099794 2.70589847
0.98333004 2.70723842
0.98566215 2.71123908
0.98799425 2.71786301
0.99032636 2.72706193
0.99265847 2.73877752
0.99499057 2.75294248
0.99732268 2.76948150
0.99965479 2.78831230
1.00198689 2.80934668
1.00431900 2.83249149
1.00665110 2.85764956
1.00898321 2.88472052
1.01131532 2.91360160
1.01364742 2.94418824
1.01597953 2.97637472
1.01831164 3.01005460
1.02064374 3.04512115
1.02297585 3.08146767
1.02530796 3.11898777
1.02764006 3.15757560
1.02997217 3.19712602
1.03230427 3.23753475
1.03463638 3.27869854
1.03696849 3.32051523
1.03930059 3.36288390
1.04163270 3.40570493
1.04396481 3.44888016
1.04629691 3.49231293
1.04862902 3.53590819
1.05096112 3.57957260
1.05329323 3.62321462
1.05562534 3.66674459
1.05795744 3.71007484
1.06028955 3.75311971
1.06262166 3.79579572
1.06495376 3.83802152
1.06728587 3.87971804
1.06961798 3.92080852
1.07195008 3.96121849
1.07428219 4.00087589
1.07661429 4.03971105
1.07894640 4.07765672
1.08127851 4.11464805
1.08361061 4.15062267
1.08594272 4.18552063
1.08827483 4.21928441
1.09060693 4.25185896
1.09293904 4.28319168
1.09527114 4.31323243
1.09760325 4.34193354
1.09993536 4.36924985
1.10226746 4.39513875
1.10459957 4.41956021
1.10693168 4.44247687
1.10926378 4.46385414
1.11159589 4.48366028
1.11392800 4.50186658
1.11626010 4.51844750
1.11859221 4.53338088
1.12092431 4.54664820
1.12325642 4.55823483
1.12558853 4.56813031
1.12792063 4.57632875
1.13025274 4.58282914
1.13258485 4.58763581
1.13491695 4.59075881
1.13724906 4.59221441
1.13958116 4.59202551
1.14191327 4.59022212
1.14424538 4.58684182
1.14657748 4.58193018
1.14890959 4.57554112
1.15124170 4.56773728
1.15357380 4.55859025
1.15590591 4.54818074
1.15823802 4.53659863
1.16057012 4.52394297
1.16290223 4.51032169
1.16523433 4.49585135
1.16756644 4.48065662
1.16989855 4.46486963
1.17223065 4.44862917
1.17456276 4.43207975
1.17689487 4.41537050
1.17922697 4.39865392
1.18155908 4.38208453
1.18389119 4.36581745
1.18622329 4.35000678
1.18855540 4.33480407
1.19088750 4.32035663
1.19321961 4.30680590
1.19555172 4.29428582
1.19788382 4.28292121
1.20021593 4.27282626
1.20254804 4.26410311
1.20488014 4.25684057
1.20721225 4.25111294
1.20954435 4.24697907
1.21187646 4.24448154
1.21420857 4.24364615

1.21420857 4.29487564
1.21656270 4.35483191
1.21891682 4.41458157
1.22127095 4.47406408
1.22362508 4.53321929
1.22597921 4.44996304
1.22833333 4.36279938
1.23068746 4.28122277
1.23304159 4.20577480
1.23539572 4.13698678
1.23774985 4.07536982
1.24010397 4.02140377
1.24245810 3.97552536
1.24481223 3.93811616
1.24716636 3.90949100
1.24952048 3.88988770
1.25187461 3.87945875
1.25422874 3.87826569
1.25658287 3.88627673
1.25893700 3.90336767
1.26129112 3.92932630
1.26364525 3.96385969
1.26599938 4.00660391
1.26835351 4.05713543
1.27070763 4.11498341
1.27306176 4.17964210
1.27541589 4.25058278
1.27777002 4.32726464
1.28012415 4.40914439
1.28247827 4.49568439
1.28483240 4.58635921
1.28718653 4.68066076
1.28954066 4.77810198
1.29189479 4.87821942
1.29424891 4.98057463
1.29660304 5.08475471
1.29895717 5.19037190
1.30131130 5.29706231
1.30366542 5.40448351
1.30601955 5.51231055
1.30837368 5.62022898
1.31072781 5.72792207
1.31308194 5.83504413
1.31543606 5.94115744
1.31779019 6.03628606
1.32014432 6.04107490
1.32249845 6.04395017
1.32485257 6.04490892

1.32485257 2.70589847
1.32720670 2.71254380
1.32956083 2.73236333
1.33191496 2.76501608
1.33426909 2.80996034
1.33662321 2.86648908
1.33897734 2.93377169
1.34133147 3.01089687
1.34368560 3.09691242
1.34603973 3.19085890
1.34839385 3.29179610
1.35074798 3.39882208
1.35310211 3.51108568
1.35545624 3.62779354
1.35781036 3.74821298
1.36016449 3.87167192
1.36251862 3.99755677
1.36487275 4.12530908
1.36722688 4.25442159
1.36958100 4.38443399
1.37193513 4.51492867
1.37428926 4.64552677
1.37664339 4.77588433
1.37899751 4.90568897
1.38135164 5.03465673
1.38370577 5.16252937
1.38605990 5.28907191
1.38841403 5.41407048
1.39076815 5.53733041
1.39312228 5.65867455
1.39547641 5.77794178
1.39783054 5.89498562
1.40018467 6.00967302
1.40253879 6.12188319
1.40489292 6.23150642
1.40724705 6.33844288
1.40960118 6.44260125
1.41195530 6.54389694
1.41430943 6.64224963
1.41666356 6.73757950
1.41901769 6.82980055
1.42137182 6.91880817
1.42372594 7.00445277
1.42608007 7.08647716
1.42843420 7.16434260
1.43078833 7.23663260
1.43314245 7.29836329
1.43549658 7.32845778



0.00000000 0.00842933
0.00234845 0.19500033
0.00469689 0.38955296
0.00704534 0.58381687
0.00939378 0.77756992
0.01174223 0.97062415
0.01409067 1.16279452
0.01643912 1.35389369
0.01878757 1.54372994
0.02113601 1.73210573
0.02348446 1.91881630
0.02583290 2.10364833
0.02818135 2.28637843
0.03052979 2.46677158
0.03287824 2.64457949
0.03522669 2.81953898
0.03757513 2.99137049
0.03992358 3.15977679
0.04227202 3.32444237
0.04462047 3.48503357
0.04696891 3.64120025
0.04931736 3.79257924
0.05166581 3.93880042
0.05401425 4.07949593
0.05636270 4.21431291
0.05871114 4.34292952
0.06105959 4.46507363
0.06340803 4.58054232
0.06575648 4.68921976
0.06810493 4.79109046
0.07045337 4.88624538
0.07280182 4.97487923
0.07515026 5.05727915
0.07749871 5.13380657
0.07984715 5.20487504
0.08219560 5.27092733
0.08454405 5.33241455
0.08689249 5.38977884
0.08924094 5.44344067
0.09158938 5.49379044
0.09393783 5.54118378
0.09628627 5.58593995
0.09863472 5.62834217
0.10098317 5.66863947
0.10333161 5.70704920
0.10568006 5.74376003
0.10802850 5.77893497
0.11037695 5.81271429
0.11272539 5.84521828
0.11507384 5.87654971
0.11742229 5.90679607
0.11977073 5.93603150
0.12211918 5.96431849
0.12446762 5.99170939
0.12681607 6.01824764
0.12916451 6.04396890
0.13151296 6.06890198
0.13386141 6.09306972
0.13620985 6.11648962
0.13855830 6.13917453
0.14090674 6.16113318
0.14325519 6.18237064
0.14560363 6.20288879
0.14795208 6.22268666
0.15030053 6.24176083
0.15264897 6.24045263
0.15499742 6.22635643
0.15734586 6.21224632
0.15969431 6.19820755
0.16204275 6.18432539
0.16439120 6.17068468
0.16673965 6.15736932
0.16908809 6.14446182
0.17143654 6.13204268
0.17378498 6.12018998
0.17613343 6.10897875
0.17848187 6.09848049
0.18083032 6.11612192
0.18317877 6.15062341
0.18552721 6.18173312
0.18787566 6.20923900
0.19022410 6.23293474
0.19257255 6.25262678
0.19492099 6.26814190
0.19726944 6.27933509
0.19961789 6.28609668
0.20196633 6.28835829

0.20196633 6.28835829
0.20429844 6.28896397
0.20663054 6.29078006
0.20896265 6.29380373
0.21129476 6.29803024
0.21362686 6.30345303
0.21595897 6.31006372
0.21829108 6.31785215
0.22062318 6.32680645
0.22295529 6.33691312
0.22528739 6.34815707
0.22761950 6.36052173
0.22995161 6.37398912
0.23228371 6.38853996
0.23461582 6.40415374
0.23694793 6.42080886
0.23928003 6.43848273
0.24161214 6.45715186
0.24394425 6.47679201
0.24627635 6.49737824
0.24860846 6.51888512
0.25094056 6.54128675
0.25327267 6.56455693
0.25560478 6.58866928
0.25793688 6.61359730
0.26026899 6.63931451
0.26260110 6.66579456
0.26493320 6.69301130
0.26726531 6.72093891
0.26959742 6.74955195
0.27192952 6.77882549
0.27426163 6.80873515
0.27659373 6.83925718
0.27892584 6.87036856
0.28125795 6.90127550
0.28359005 6.92738066
0.28592216 6.95389799
0.28825427 6.98076247
0.29058637 7.00790598
0.29291848 7.03525779
0.29525058 7.06274501
0.29758269 7.09029309
0.29991480 7.11782632
0.30224690 7.14526830
0.30457901 7.17254246
0.30691112 7.19957247
0.30924322 7.22628268
0.31157533 7.25259852
0.31390744 7.27844687
0.31623954 7.30375639
0.31857165 7.32845778

0.31857165 7.32845778
0.32090375 7.35248409
0.32323586 7.37577090
0.32556797 7.35132029
0.32790007 7.30944362
0.33023218 7.26664109
0.33256429 7.22291149
0.33489639 7.17825404
0.33722850 7.13266838
0.33956060 7.08615459
0.34189271 7.03871318
0.34422482 6.99034511
0.34655692 6.94105177
0.34888903 6.89083502
0.35122114 6.83969715
0.35355324 6.78764089
0.35588535 6.73466943
0.35821746 6.68078642
0.36054956 6.62599591
0.36288167 6.57030244
0.36521377 6.51371095
0.36754588 6.45622683
0.36987799 6.39785589
0.37221009 6.33860435
0.37454220 6.27847888
0.37687431 6.21748651
0.37920641 6.15563469
0.38153852 6.09293127
0.38387062 6.02938445
0.38620273 5.99117856
0.38853484 5.97746890
0.39086694 5.96522281
0.39319905 5.95431030
0.39553116 5.94459772
0.39786326 5.93594837
0.40019537 5.92822315
0.40252748 5.92128112
0.40485958 5.91497999
0.40719169 5.90917654
0.40952379 5.90372697
0.41185590 5.89848717
0.41418801 5.89331285
0.41652011 5.88805959
0.41885222 5.88258273
0.42118433 5.87673720
0.42351643 5.87037707
0.42584854 5.86335505
0.42818064 5.85552171
0.43051275 5.84672453
0.43284486 5.83680670
0.43517696 5.82560565
0.43750907 5.81295124
0.43984118 5.79866371
0.44217328 5.78255119
0.44450539 5.76440695
0.44683750 5.74400629
0.44916960 5.72110318
0.45150171 5.69542689
0.45383381 5.66667865
0.45616592 5.63452907
0.45849803 5.59861659
0.46083013 5.55854798
0.46316224 5.51390177
0.46549435 5.46423562
0.46782645 5.40909859
0.47015856 5.34804840
0.47249066 5.28067324
0.47482277 5.20661605
0.47715488 5.12559809
0.47948698 5.03743805
0.48181909 4.94206321
0.48415120 4.83951065
0.48648330 4.72991878
0.48881541 4.61351126
0.49114752 4.49057664
0.49347962 4.36144733
0.49581173 4.22648032
0.49814383 4.08604143
0.50047594 3.94049358
0.50280805 3.79018885
0.50514015 3.63546372
0.50747226 3.47663673
0.50980437 3.31400793
0.51213647 3.14785938
0.51446858 2.97845633
0.51680069 2.80604885
0.51913279 2.63087341
0.52146490 2.45315465
0.52379700 2.27310689
0.52612911 2.09093565
0.52846122 1.90683890
0.53079332 1.72100827
0.53312543 1.53363007
0.53545754 1.34488618
0.53778964 1.15495490
0.54012175 0.96401179
0.54245385 0.77223055
0.54478596 0.57978469
0.54711807 0.38685234
0.54945017 0.19364719
0.55178228 0.00842933

0.55178228 0.00842933
0.55413641 0.10452206
0.55649054 0.20949481
0.55884466 0.31538085
0.56119879 0.42261786
0.56355292 0.53162524
0.56590705 0.64279780
0.56826117 0.75650084
0.57061530 0.87306634
0.57296943 0.99278991
0.57532356 1.11592871
0.57767769 1.24270019
0.58003181 1.37328159
0.58238594 1.50781007
0.58474007 1.64638347
0.58709420 1.78906142
0.58944832 1.93586694
0.59180245 2.08678824
0.59415658 2.24178063
0.59651071 2.40076875
0.59886484 2.56364861
0.60121896 2.73028990
0.60357309 2.90053809
0.60592722 3.07421661
0.60828135 3.25112893
0.61063548 3.43106059
0.61298960 3.61378115
0.61534373 3.79904607
0.61769786 3.98659849
0.62005199 4.17617099
0.62240611 4.36748725
0.62476024 4.56026360
0.62711437 4.75421057
0.62946850 4.94903435
0.63182263 4.97866997
0.63417675 4.93063089
0.63653088 4.88116395
0.63888501 4.83027058
0.64123914 4.77795275
0.64359326 4.72421309
0.64594739 4.66905483
0.64830152 4.61248190
0.65065565 4.55449890
0.65300978 4.49511116
0.65536390 4.43432477
0.65771803 4.37214658
0.66007216 4.30858422
0.66242629 4.24364615

0.66242629 4.24364615
0.66477473 4.24537464
0.66712318 4.25054570
0.66947162 4.25911630
0.67182007 4.27101553
0.67416852 4.28614562
0.67651696 4.30438351
0.67886541 4.32558266
0.68121385 4.34957517
0.68356230 4.37617413
0.68591074 4.40517613
0.68825919 4.43636387
0.69060764 4.46950881
0.69295608 4.50437383
0.69530453 4.54071583
0.69765297 4.57828823
0.70000142 4.61684342
0.70234986 4.65613503
0.70469831 4.69592005
0.70704676 4.73596080
0.70939520 4.77602677
0.71174365 4.81589622
0.71409209 4.85535764
0.71644054 4.89421102
0.71878898 4.93226890
0.72113743 4.96935730
0.72348588 5.00531632
0.72583432 5.04000073
0.72818277 5.07328019
0.73053121 5.10503939
0.73287966 5.13517801
0.73522810 5.16361045
0.73757655 5.19026549
0.73992500 5.21508577
0.74227344 5.23802718
0.74462189 5.25905820
0.74697033 5.27815908
0.74931878 5.29532111
0.75166722 5.31054577
0.75401567 5.32384391
0.75636412 5.33523501
0.75871256 5.34474634
0.76106101 5.35241230
0.76340945 5.35827371
0.76575790 5.36237719
0.76810634 5.36477460
0.77045479 5.36552253
0.77280324 5.36468185
0.77515168 5.36231727
0.77750013 5.35849700
0.77984857 5.35329242
0.78219702 5.34677779
0.78454546 5.33903001
0.78689391 5.33012833
0.78924236 5.32015422
0.79159080 5.30919108
0.79393925 5.29732408
0.79628769 5.28464001
0.79863614 5.27122700
0.80098458 5.25717439
0.80333303 5.24257252
0.80568148 5.22751247
0.80802992 5.21208589
0.81037837 5.19638474
0.81272681 5.18050102
0.81507526 5.16452653
0.81742370 5.14855254
0.81977215 5.13266953
0.82212060 5.11696685
0.82446904 5.10153238
0.82681749 5.08645219
0.82916593 5.07181019
0.83151438 5.05768772
0.83386282 5.04416323
0.83621127 5.03131186
0.83855972 5.01920508
0.84090816 5.00791031
0.84325661 4.99749054
0.84560505 4.98800400
0.84795350 4.97950380
0.85030194 4.97203761
0.85265039 4.96564740
0.85499884 4.96036914
0.85734728 4.95623259
0.85969573 4.95326109
0.86204417 4.95147145
0.86439262 4.95087377

0.86439262 4.95087377
0.86672473 4.95267414
0.86905683 4.95798500
0.87138894 4.96655296
0.87372104 4.97800620
0.87605315 4.99191012
0.87838526 5.00781763
0.88071736 5.02530531
0.88304947 5.04399380
0.88538158 5.06355590
0.88771368 5.08371645
0.89004579 5.10424784
0.89237790 5.12496375
0.89471000 5.14571251
0.89704211 5.16637100
0.89937421 5.18683917
0.90170632 5.20703554
0.90403843 5.22689337
0.90637053 5.24635751
0.90870264 5.26538189
0.91103475 5.28392741
0.91336685 5.30196025
0.91569896 5.31945052
0.91803106 5.33637114
0.92036317 5.35269703
0.92269528 5.36840439
0.92502738 5.38347028
0.92735949 5.39787232
0.92969160 5.41158854
0.93202370 5.42459739
0.93435581 5.43687798
0.93668792 5.44841035
0.93902002 5.45917596
0.94135213 5.46915833
0.94368423 5.47834372
0.94601634 5.48672204
0.94834845 5.49428772
0.95068055 5.50104070
0.95301266 5.50698745
0.95534477 5.51214190
0.95767687 5.51652634
0.96000898 5.52017215
0.96234108 5.52312039
0.96467319 5.52542213
0.96700530 5.52713851
0.96933740 5.52834053
0.97166951 5.52910848
0.97400162 5.52953112
0.97633372 5.52970447
0.97866583 5.52973041
0.98099794 5.52971502

0.98099794 5.52971502
0.98333004 5.52976677
0.98566215 5.52999455
0.98799425 5.53050572
0.99032636 5.53140417
0.99265847 5.53278837
0.99499057 5.53474968
0.99732268 5.53737076
0.99965479 5.54072417
1.00198689 5.54487127
1.00431900 5.54986132
1.00665110 5.55573084
1.00898321 5.56250322
1.01131532 5.57018860
1.01364742 5.57878394
1.01597953 5.58827329
1.01831164 5.59862828
1.02064374 5.60980874
1.02297585 5.62176344
1.02530796 5.63443096
1.02764006 5.64774060
1.02997217 5.66161341
1.03230427 5.67596314
1.03463638 5.69069732
1.03696849 5.70571823
1.03930059 5.72092395
1.04163270 5.73620926
1.04396481 5.75146660
1.04629691 5.76658688
1.04862902 5.78146038
1.05096112 5.79597740
1.05329323 5.81002900
1.05562534 5.82350765
1.05795744 5.83630773
1.06028955 5.84832614
1.06262166 5.85946268
1.06495376 5.86962050
1.06728587 5.87870648
1.06961798 5.88663153
1.07195008 5.89331089
1.07428219 5.89866436
1.07661429 5.90261656
1.07894640 5.90509710
1.08127851 5.90604073
1.08361061 5.90538756
1.08594272 5.90308308
1.08827483 5.89907839
1.09060693 5.89333023
1.09293904 5.88580108
1.09527114 5.87645928
1.09760325 5.86527904
1.09993536 5.85224059
1.10226746 5.83733015
1.10459957 5.82054010
1.10693168 5.80186894
1.10926378 5.78132140
1.11159589 5.75890851
1.11392800 5.73464760
1.11626010 5.70856244
1.11859221 5.68068325
1.12092431 5.65104677
1.12325642 5.61969635
1.12558853 5.58668198
1.12792063 5.55206040
1.13025274 5.51589517
1.13258485 5.47825669
1.13491695 5.43922235
1.13724906 5.39887654
1.13958116 5.35731070
1.14191327 5.31462344
1.14424538 5.27092054
1.14657748 5.22631494
1.14890959 5.18092684
1.15124170 5.13488358
1.15357380 5.08831966
1.15590591 5.04137658
1.15823802 4.99420277
1.16057012 4.94695330
1.16290223 4.89978970
1.16523433 4.85287954
1.16756644 4.80639600
1.16989855 4.76051739
1.17223065 4.71542641
1.17456276 4.67130946
1.17689487 4.62835568
1.17922697 4.58675595
1.18155908 4.54670172
1.18389119 4.50838368
1.18622329 4.47199032
1.18855540 4.43770640
1.19088750 4.40571122
1.19321961 4.37617691
1.19555172 4.34926660
1.19788382 4.32513258
1.20021593 4.30391445
1.20254804 4.28573742
1.20488014 4.27071059
1.20721225 4.25892548
1.20954435 4.25045472
1.21187646 4.24535097
1.21420857 4.24364615

1.21420857 4.95087377
1.21656270 4.84373772
1.21891682 4.73957689
1.22127095 4.63888406
1.22362508 4.54217054
1.22597921 4.59198746
1.22833333 4.65030930
1.23068746 4.70812600
1.23304159 4.76537933
1.23539572 4.82201162
1.23774985 4.87796583
1.24010397 4.93318562
1.24245810 4.98761538
1.24481223 5.04120027
1.24716636 5.09388631
1.24952048 5.14562038
1.25187461 5.19635029
1.25422874 5.24602487
1.25658287 5.29459394
1.25893700 5.34200845
1.26129112 5.38822045
1.26364525 5.43318319
1.26599938 5.47685116
1.26835351 5.51918011
1.27070763 5.56012714
1.27306176 5.59965071
1.27541589 5.63771069
1.27777002 5.67426844
1.28012415 5.70928678
1.28247827 5.74273011
1.28483240 5.77456439
1.28718653 5.80475721
1.28954066 5.83327780
1.29189479 5.86009709
1.29424891 5.88518773
1.29660304 5.90852411
1.29895717 5.93008242
1.30131130 5.94984064
1.30366542 5.96777859
1.30601955 5.98387793
1.30837368 5.99812220
1.31072781 6.01049685
1.31308194 6.02098920
1.31543606 6.02958854
1.31779019 6.04555379
1.32014432 6.14661218
1.32249845 6.23848528
1.32485257 6.28835829

1.32485257 5.52971502
1.32720670 5.46783131
1.32956083 5.40591059
1.33191496 5.34401796
1.33426909 5.28221869
1.33662321 5.22057818
1.33897734 5.15916196
1.34133147 5.09803560
1.34368560 5.03726474
1.34603973 4.97691500
1.34839385 4.91705197
1.35074798 4.85774120
1.35310211 4.79904813
1.35545624 4.74103808
1.35781036 4.68377620
1.36016449 4.62732747
1.36251862 4.57175662
1.36487275 4.51712810
1.36722688 4.46350606
1.36958100 4.41095428
1.37193513 4.51492867
1.37428926 4.64552677
1.37664339 4.77588433
1.37899751 4.90568897
1.38135164 5.03465673
1.38370577 5.16252937
1.38605990 5.28907191
1.38841403 5.41407048
1.39076815 5.53733041
1.39312228 5.65867455
1.39547641 5.77794178
1.39783054 5.89498562
1.40018467 6.00967302
1.40253879 6.12188319
1.40489292 6.23150642
1.40724705 6.33844288
1.40960118 6.44260125
1.41195530 6.54389694
1.41430943 6.64224963
1.41666356 6.73757950
1.41901769 6.82980055
1.42137182 6.91880817
1.42372594 7.00445277
1.42608007 7.08647716
1.42843420 7.16434260
1.43078833 7.23663260
1.43314245 7.29836329
1.43549658 7.32845778



0.00000000 5.77447511
0.00234845 5.77528539
0.00469689 5.77771868
0.00704534 5.78178233
0.00939378 5.78748888
0.01174223 5.79485632
0.01409067 5.80390859
0.01643912 5.81452523
0.01878757 5.82635835
0.02113601 5.83953478
0.02348446 5.85397239
0.02583290 5.86958250
0.02818135 5.88627076
0.03052979 5.90393808
0.03287824 5.92248144
0.03522669 5.94179483
0.03757513 5.96177004
0.03992358 5.98229751
0.04227202 6.00326706
0.04462047 6.02456866
0.04696891 6.04609306
0.04931736 6.06773243
0.05166581 6.08938092
0.05401425 6.11093519
0.05636270 6.13229482
0.05871114 6.15336279
0.06105959 6.17404579
0.06340803 6.19425456
0.06575648 6.21390416
0.06810493 6.23291421
0.07045337 6.25120909
0.07280182 6.26871812
0.07515026 6.28537572
0.07749871 6.30112146
0.07984715 6.31590024
0.08219560 6.32966230
0.08454405 6.34236331
0.08689249 6.35396437
0.08924094 6.36443210
0.09158938 6.37373856
0.09393783 6.38186131
0.09628627 6.38878339
0.09863472 6.39449327
0.10098317 6.39898482
0.10333161 6.40225728
0.10568006 6.40431521
0.10802850 6.40516841
0.11037695 6.40483184
0.11272539 6.40332558
0.11507384 6.40067472
0.11742229 6.39690921
0.11977073 6.39206386
0.12211918 6.38617810
0.12446762 6.37929595
0.12681607 6.37146578
0.12916451 6.36274025
0.13151296 6.35317603
0.13386141 6.34283373
0.13620985 6.33177757
0.13855830 6.32007527
0.14090674 6.30779772
0.14325519 6.29501877
0.14560363 6.28181495
0.14795208 6.26826511
0.15030053 6.25445014
0.15264897 6.26010569
0.15499742 6.27771380
0.15734586 6.29457612
0.15969431 6.31068227
0.16204275 6.32602081
0.16439120 6.34057945
0.16673965 6.35434525
0.16908809 6.36730489
0.17143654 6.37944481
0.17378498 6.39075146
0.17613343 6.40121146
0.17848187 6.41081178
0.18083032 6.41953991
0.18317877 6.42738401
0.18552721 6.43433309
0.18787566 6.44037711
0.19022410 6.44550710
0.19257255 6.44971530
0.19492099 6.45299522
0.19726944 6.45534174
0.19961789 6.45675114
0.20196633 6.45722119

0.20196633 6.45722119
0.20429844 6.45757074
0.20663054 6.45862017
0.20896265 6.46037181
0.21129476 6.46282948
0.21362686 6.46599851
0.21595897 6.46988557
0.21829108 6.47449867
0.22062318 6.47984696
0.22295529 6.48594065
0.22528739 6.49279082
0.22761950 6.50040921
0.22995161 6.50880804
0.23228371 6.51799975
0.23461582 6.52799672
0.23694793 6.53881098
0.23928003 6.55045391
0.24161214 6.56293587
0.24394425 6.57626587
0.24627635 6.59045117
0.24860846 6.60549692
0.25094056 6.62140574
0.25327267 6.63817735
0.25560478 6.65580821
0.25793688 6.67429112
0.26026899 6.69361493
0.26260110 6.71376423
0.26493320 6.73471908
0.26726531 6.75645485
0.26959742 6.77894206
0.27192952 6.80214632
0.27426163 6.82602829
0.27659373 6.85054382
0.27892584 6.87564401
0.28125795 6.90204701
0.28359005 6.93427109
0.28592216 6.96702021
0.28825427 7.00027471
0.29058637 7.03401584
0.29291848 7.06822587
0.29525058 7.10288803
0.29758269 7.13798657
0.29991480 7.17350676
0.30224690 7.20943488
0.30457901 7.24575827
0.30691112 7.28246522
0.30924322 7.31954507
0.31157533 7.35698811
0.31390744 7.39478557
0.31623954 7.41549553
0.31857165 7.34891477

0.31857165 7.34891477
0.32090375 7.39433794
0.32323586 7.39227272
0.32556797 7.39825649
0.32790007 7.41988206
0.33023218 7.44059179
0.33256429 7.46033295
0.33489639 7.47905601
0.33722850 7.49671463
0.33956060 7.51326572
0.34189271 7.52866944
0.34422482 7.54288922
0.34655692 7.55589170
0.34888903 7.56764672
0.35122114 7.57812728
0.35355324 7.58730950
0.35588535 7.59517254
0.35821746 7.60169856
0.36054956 7.60687268
0.36288167 7.61068283
0.36521377 7.61311979
0.36754588 7.61417703
0.36987799 7.61385067
0.37221009 7.61213943
0.37454220 7.60904451
0.37687431 7.60456956
0.37920641 7.59872058
0.38153852 7.59150586
0.38387062 7.58293591
0.38620273 7.57302340
0.38853484 7.56178305
0.39086694 7.54923164
0.39319905 7.53538786
0.39553116 7.52027232
0.39786326 7.50390745
0.40019537 7.48631743
0.40252748 7.46752817
0.40485958 7.44756723
0.40719169 7.42646377
0.40952379 7.40424851
0.41185590 7.38095364
0.41418801 7.35661282
0.41652011 7.33126110
0.41885222 7.30493489
0.42118433 7.27767192
0.42351643 7.24951115
0.42584854 7.22049280
0.42818064 7.19065827
0.43051275 7.16005007
0.43284486 7.12871187
0.43517696 7.09668834
0.43750907 7.06402525
0.43984118 7.03076931
0.44217328 6.99696821
0.44450539 6.96267057
0.44683750 6.92792586
0.44916960 6.89278445
0.45150171 6.85729748
0.45383381 6.82151688
0.45616592 6.78549532
0.45849803 6.74928617
0.46083013 6.71294344
0.46316224 6.67652177
0.46549435 6.64007636
0.46782645 6.60366292
0.47015856 6.56733763
0.47249066 6.53115710
0.47482277 6.49517827
0.47715488 6.45945837
0.47948698 6.42405488
0.48181909 6.38902540
0.48415120 6.35442762
0.48648330 6.32031922
0.48881541 6.28675776
0.49114752 6.25380062
0.49347962 6.22150490
0.49581173 6.18992725
0.49814383 6.15912384
0.50047594 6.12915018
0.50280805 6.10006100
0.50514015 6.07191015
0.50747226 6.04475040
0.50980437 6.01863337
0.51213647 5.99360932
0.51446858 5.96972701
0.51680069 5.94703356
0.51913279 5.92557427
0.52146490 5.90539249
0.52379700 5.88652942
0.52612911 5.86902398
0.52846122 5.85291264
0.53079332 5.83822928
0.53312543 5.82500506
0.53545754 5.81326823
0.53778964 5.80304406
0.54012175 5.79435471
0.54245385 5.78721909
0.54478596 5.78165283
0.54711807 5.77766815
0.54945017 5.77527381
0.55178228 5.77447511

0.55178228 5.77447511
0.55413641 5.77379738
0.55649054 5.77176404
0.55884466 5.76837466
0.56119879 5.76362850
0.56355292 5.75752456
0.56590705 5.75006156
0.56826117 5.74123795
0.57061530 5.73105190
0.57296943 5.71950138
0.57532356 5.70658410
0.57767769 5.69229755
0.58003181 5.67663904
0.58238594 5.65960569
0.58474007 5.64119448
0.58709420 5.62140224
0.58944832 5.60022569
0.59180245 5.57766147
0.59415658 5.55370617
0.59651071 5.52835631
0.59886484 5.50160845
0.60121896 5.47345916
0.60357309 5.44390506
0.60592722 5.41294287
0.60828135 5.38056941
0.61063548 5.34678167
0.61298960 5.31157682
0.61534373 5.27495224
0.61769786 5.23690559
0.62005199 5.19743477
0.62240611 5.15653805
0.62476024 5.11421400
0.62711437 5.07046163
0.62946850 5.02528033
0.63182263 4.97866997
0.63417675 4.93063089
0.63653088 4.88116395
0.63888501 4.83027058
0.64123914 4.77795275
0.64359326 4.72421309
0.64594739 4.66905483
0.64830152 4.61248190
0.65065565 4.55449890
0.65300978 4.49511116
0.65536390 4.43432477
0.65771803 4.37214658
0.66007216 4.30858422
0.66242629 4.24364615

0.66242629 4.24364615
0.66477473 4.24537464
0.66712318 4.25054570
0.66947162 4.25911630
0.67182007 4.27101553
0.67416852 4.28614562
0.67651696 4.30438351
0.67886541 4.32558266
0.68121385 4.34957517
0.68356230 4.37617413
0.68591074 4.40517613
0.68825919 4.43636387
0.69060764 4.46950881
0.69295608 4.50437383
0.69530453 4.54071583
0.69765297 4.57828823
0.70000142 4.61684342
0.70234986 4.65613503
0.70469831 4.69592005
0.70704676 4.73596080
0.70939520 4.77602677
0.71174365 4.81589622
0.71409209 4.85535764
0.71644054 4.89421102
0.71878898 4.93226890
0.72113743 4.96935730
0.72348588 5.00531632
0.72583432 5.04000073
0.72818277 5.07328019
0.73053121 5.10503939
0.73287966 5.13517801
0.73522810 5.16361045
0.73757655 5.19026549
0.73992500 5.21508577
0.74227344 5.23802718
0.74462189 5.25905820
0.74697033 5.27815908
0.74931878 5.29532111
0.75166722 5.31054577
0.75401567 5.32384391
0.75636412 5.33523501
0.75871256 5.34474634
0.76106101 5.35241230
0.76340945 5.35827371
0.76575790 5.36237719
0.76810634 5.36477460
0.77045479 5.36552253
0.77280324 5.36468185
0.77515168 5.36231727
0.77750013 5.35849700
0.77984857 5.35329242
0.78219702 5.34677779
0.78454546 5.33903001
0.78689391 5.33012833
0.78924236 5.32015422
0.79159080 5.30919108
0.79393925 5.29732408
0.79628769 5.28464001
0.79863614 5.27122700
0.80098458 5.25717439
0.80333303 5.24257252
0.80568148 5.22751247
0.80802992 5.21208589
0.81037837 5.19638474
0.81272681 5.18050102
0.81507526 5.16452653
0.81742370 5.14855254
0.81977215 5.13266953
0.82212060 5.11696685
0.82446904 5.10153238
0.82681749 5.08645219
0.82916593 5.07181019
0.83151438 5.05768772
0.83386282 5.04416323
0.83621127 5.03131186
0.83855972 5.01920508
0.84090816 5.00791031
0.84325661 4.99749054
0.84560505 4.98800400
0.84795350 4.97950380
0.85030194 4.97203761
0.85265039 4.96564740
0.85499884 4.96036914
0.85734728 4.95623259
0.85969573 4.95326109
0.86204417 4.95147145
0.86439262 4.95087377

0.86439262 4.95087377
0.86672473 4.95267414
0.86905683 4.95798500
0.87138894 4.96655296
0.87372104 4.97800620
0.87605315 4.99191012
0.87838526 5.00781763
0.88071736 5.02530531
0.88304947 5.04399380
0.88538158 5.06355590
0.88771368 5.08371645
0.89004579 5.10424784
0.89237790 5.12496375
0.89471000 5.14571251
0.89704211 5.16637100
0.89937421 5.18683917
0.90170632 5.20703554
0.90403843 5.22689337
0.90637053 5.24635751
0.90870264 5.26538189
0.91103475 5.28392741
0.91336685 5.30196025
0.91569896 5.31945052
0.91803106 5.33637114
0.92036317 5.35269703
0.92269528 5.36840439
0.92502738 5.38347028
0.92735949 5.39787232
0.92969160 5.41158854
0.93202370 5.42459739
0.93435581 5.43687798
0.93668792 5.44841035
0.93902002 5.45917596
0.94135213 5.46915833
0.94368423 5.47834372
0.94601634 5.48672204
0.94834845 5.49428772
0.95068055 5.50104070
0.95301266 5.50698745
0.95534477 5.51214190
0.95767687 5.51652634
0.96000898 5.52017215
0.96234108 5.52312039
0.96467319 5.52542213
0.96700530 5.52713851
0.96933740 5.52834053
0.97166951 5.52910848
0.97400162 5.52953112
0.97633372 5.52970447
0.97866583 5.52973041
0.98099794 5.52971502

0.98099794 5.52971502
0.98333004 5.52976677
0.98566215 5.52999455
0.98799425 5.53050572
0.99032636 5.53140417
0.99265847 5.53278837
0.99499057 5.53474968
0.99732268 5.53737076
0.99965479 5.54072417
1.00198689 5.54487127
1.00431900 5.54986132
1.00665110 5.55573084
1.00898321 5.56250322
1.01131532 5.57018860
1.01364742 5.57878394
1.01597953 5.58827329
1.01831164 5.59862828
1.02064374 5.60980874
1.02297585 5.62176344
1.02530796 5.63443096
1.02764006 5.64774060
1.02997217 5.66161341
1.03230427 5.67596314
1.03463638 5.69069732
1.03696849 5.70571823
1.03930059 5.72092395
1.04163270 5.73620926
1.04396481 5.75146660
1.04629691 5.76658688
1.04862902 5.78146038
1.05096112 5.79597740
1.05329323 5.81002900
1.05562534 5.82350765
1.05795744 5.83630773
1.06028955 5.84832614
1.06262166 5.85946268
1.06495376 5.86962050
1.06728587 5.87870648
1.06961798 5.88663153
1.07195008 5.89331089
1.07428219 5.89866436
1.07661429 5.90261656
1.07894640 5.90509710
1.08127851 5.90604073
1.08361061 5.90538756
1.08594272 5.90308308
1.08827483 5.89907839
1.09060693 5.89333023
1.09293904 5.88580108
1.09527114 5.87645928
1.09760325 5.86527904
1.09993536 5.85224059
1.10226746 5.83733015
1.10459957 5.82054010
1.10693168 5.80186894
1.10926378 5.78132140
1.11159589 5.75890851
1.11392800 5.73464760
1.11626010 5.70856244
1.11859221 5.68068325
1.12092431 5.65104677
1.12325642 5.61969635
1.12558853 5.58668198
1.12792063 5.55206040
1.13025274 5.51589517
1.13258485 5.47825669
1.13491695 5.43922235
1.13724906 5.39887654
1.13958116 5.35731070
1.14191327 5.31462344
1.14424538 5.27092054
1.14657748 5.22631494
1.14890959 5.18092684
1.15124170 5.13488358
1.15357380 5.08831966
1.15590591 5.04137658
1.15823802 4.99420277
1.16057012 4.94695330
1.16290223 4.89978970
1.16523433 4.85287954
1.16756644 4.80639600
1.16989855 4.76051739
1.17223065 4.71542641
1.17456276 4.67130946
1.17689487 4.62835568
1.17922697 4.58675595
1.18155908 4.54670172
1.18389119 4.50838368
1.18622329 4.47199032
1.18855540 4.43770640
1.19088750 4.40571122
1.19321961 4.37617691
1.19555172 4.34926660
1.19788382 4.32513258
1.20021593 4.30391445
1.20254804 4.28573742
1.20488014 4.27071059
1.20721225 4.25892548
1.20954435 4.25045472
1.21187646 4.24535097
1.21420857 4.24364615

1.21420857 4.95087377
1.21656270 5.06051289
1.21891682 5.17220475
1.22127095 5.28552147
1.22362508 5.40005757
1.22597921 5.51542966
1.22833333 5.63127574
1.23068746 5.74725440
1.23304159 5.86304382
1.23539572 5.97834073
1.23774985 6.09285945
1.24010397 6.20633079
1.24245810 6.31850113
1.24481223 6.42913154
1.24716636 6.53799692
1.24952048 6.64488534
1.25187461 6.74959741
1.25422874 6.85194579
1.25658287 6.95175480
1.25893700 7.04886019
1.26129112 7.14310900
1.26364525 7.23435951
1.26599938 7.32248136
1.26835351 7.40735576
1.27070763 7.48887571
1.27306176 7.56694645
1.27541589 7.64148577
1.27777002 7.71242444
1.28012415 7.77970660
1.28247827 7.84329005
1.28483240 7.90314640
1.28718653 7.83773097
1.28954066 7.75888897
1.29189479 7.67841203
1.29424891 7.59628614
1.29660304 7.51250281
1.29895717 7.42706039
1.30131130 7.33996577
1.30366542 7.25123696
1.30601955 7.16090700
1.30837368 7.06903055
1.31072781 6.97569645
1.31308194 6.88105391
1.31543606 6.78537522
1.31779019 6.68923379
1.32014432 6.59414615
1.32249845 6.50588520
1.32485257 6.45722119

1.32485257 5.52971502
1.32720670 5.59149685
1.32956083 5.65311218
1.33191496 5.71449668
1.33426909 5.77558639
1.33662321 5.83631770
1.33897734 5.89662746
1.34133147 5.95645297
1.34368560 6.01573210
1.34603973 6.07440326
1.34839385 6.13240550
1.35074798 6.18967857
1.35310211 6.24616293
1.35545624 6.30179984
1.35781036 6.35653141
1.36016449 6.41030063
1.36251862 6.46305146
1.36487275 6.51472887
1.36722688 6.56527887
1.36958100 6.61464863
1.37193513 6.66278646
1.37428926 6.70964193
1.37664339 6.75516587
1.37899751 6.79931047
1.38135164 6.84202930
1.38370577 6.88327739
1.38605990 6.92301125
1.38841403 6.96118895
1.39076815 6.99777015
1.39312228 7.03271614
1.39547641 7.06598994
1.39783054 7.09755626
1.40018467 7.12738160
1.40253879 7.15543428
1.40489292 7.18168447
1.40724705 7.20610425
1.40960118 7.22866759
1.41195530 7.24935046
1.41430943 7.26813078
1.41666356 7.28498852
1.41901769 7.29990567
1.42137182 7.31286629
1.42372594 7.32385652
1.42608007 7.33286460
1.42843420 7.33988091
1.43078833 7.34489793
1.43314245 7.34791030
1.43549658 7.34891477



0.00000000 5.77447511
0.00234845 5.77531436
0.00469689 5.77782653
0.00704534 5.78199497
0.00939378 5.78779214
0.01174223 5.79517995
0.01409067 5.80411023
0.01643912 5.81467622
0.01878757 5.82719710
0.02113601 5.84151742
0.02348446 5.85769277
0.02583290 5.87578939
0.02818135 5.89588565
0.03052979 5.91807356
0.03287824 5.94246043
0.03522669 5.96917062
0.03757513 5.99834706
0.03992358 6.03015259
0.04227202 6.06477080
0.04462047 6.10240589
0.04696891 6.14328124
0.04931736 6.18763600
0.05166581 6.23571919
0.05401425 6.28778060
0.05636270 6.34405823
0.05871114 6.40476232
0.06105959 6.47005680
0.06340803 6.54003995
0.06575648 6.61472659
0.06810493 6.69403488
0.07045337 6.77778039
0.07280182 6.86567879
0.07515026 6.95735728
0.07749871 7.05237276
0.07984715 7.15023405
0.08219560 7.25042477
0.08454405 7.35242432
0.08689249 7.45572510
0.08924094 7.55984525
0.09158938 7.66433703
0.09393783 7.76879142
0.09628627 7.87283973
0.09863472 7.97615320
0.10098317 8.07844107
0.10333161 8.17944794
0.10568006 8.27895077
0.10802850 8.37675568
0.11037695 8.47269495
0.11272539 8.56662413
0.11507384 8.65841947
0.11742229 8.74797551
0.11977073 8.83520305
0.12211918 8.92002725
0.12446762 9.00238606
0.12681607 9.08222874
0.12916451 9.15951464
0.13151296 9.23421206
0.13386141 9.30629727
0.13620985 9.33094527
0.13855830 9.28179243
0.14090674 9.23289105
0.14325519 9.18429784
0.14560363 9.13607326
0.14795208 9.08828213
0.15030053 9.04099429
0.15264897 8.99428530
0.15499742 8.94823726
0.15734586 8.90293962
0.15969431 8.85849010
0.16204275 8.81499564
0.16439120 8.77257329
0.16673965 8.73135118
0.16908809 8.69146926
0.17143654 8.65307996
0.17378498 8.61634851
0.17613343 8.58145283
0.17848187 8.54858286
0.18083032 8.51793912
0.18317877 8.48973029
0.18552721 8.46416974
0.18787566 8.44147076
0.19022410 8.42184071
0.19257255 8.40547402
0.19492099 8.39254456
0.19726944 8.38319792
0.19961789 8.37754410
0.20196633 8.37565173

0.20196633 8.37565173
0.20429844 8.37532272
0.20663054 8.37433550
0.20896265 8.37268946
0.21129476 8.37038360
0.21362686 8.36741654
0.21595897 8.36378647
0.21829108 8.35949124
0.22062318 8.35452828
0.22295529 8.34889468
0.22528739 8.34258714
0.22761950 8.33560202
0.22995161 8.32793534
0.23228371 8.31958279
0.23461582 8.31053973
0.23694793 8.30080124
0.23928003 8.29036207
0.24161214 8.27921675
0.24394425 8.26735950
0.24627635 8.25478433
0.24860846 8.24148503
0.25094056 8.22745518
0.25327267 8.21268815
0.25560478 8.19717719
0.25793688 8.18091536
0.26026899 8.16389563
0.26260110 8.14611084
0.26493320 8.12755377
0.26726531 8.10821711
0.26959742 8.08809353
0.27192952 8.06717568
0.27426163 8.04545619
0.27659373 8.02292773
0.27892584 7.99958303
0.28125795 7.97541486
0.28359005 7.95041609
0.28592216 7.92457969
0.28825427 7.89789877
0.29058637 7.87036658
0.29291848 7.84197655
0.29525058 7.81272229
0.29758269 7.78259762
0.29991480 7.75159659
0.30224690 7.71971349
0.30457901 7.68694287
0.30691112 7.65327956
0.30924322 7.61871869
0.31157533 7.57452294
0.31390744 7.49430342
0.31623954 7.43292963
0.31857165 7.47141333

0.31857165 7.47141333
0.32090375 7.43230292
0.32323586 7.44708753
0.32556797 7.50009941
0.32790007 7.55307844
0.33023218 7.60586988
0.33256429 7.65834200
0.33489639 7.71036889
0.33722850 7.76182640
0.33956060 7.81259089
0.34189271 7.86253899
0.34422482 7.91154759
0.34655692 7.95817739
0.34888903 8.00075572
0.35122114 8.04363992
0.35355324 8.08682953
0.35588535 8.13032401
0.35821746 8.17412261
0.36054956 8.21810240
0.36288167 8.25525863
0.36521377 8.29041242
0.36754588 8.32345473
0.36987799 8.35427913
0.37221009 8.38278199
0.37454220 8.40886264
0.37687431 8.43242361
0.37920641 8.45337078
0.38153852 8.47161361
0.38387062 8.48706527
0.38620273 8.49964287
0.38853484 8.50926767
0.39086694 8.51586524
0.39319905 8.51936567
0.39553116 8.51970380
0.39786326 8.51681948
0.40019537 8.51065774
0.40252748 8.50116913
0.40485958 8.48830994
0.40719169 8.47204258
0.40952379 8.45233590
0.41185590 8.42916560
0.41418801 8.40251466
0.41652011 8.37237387
0.41885222 8.33874240
0.42118433 8.30162850
0.42351643 8.26105023
0.42584854 8.21703641
0.42818064 8.16962764
0.43051275 8.11887753
0.43284486 8.06485413
0.43517696 8.00764159
0.43750907 7.94734201
0.43984118 7.88407776
0.44217328 7.81799387
0.44450539 7.74926096
0.44683750 7.67807826
0.44916960 7.60467700
0.45150171 7.52932378
0.45383381 7.45232372
0.45616592 7.37402310
0.45849803 7.29481070
0.46083013 7.21511719
0.46316224 7.13541158
0.46549435 7.05619363
0.46782645 6.97798145
0.47015856 6.90129400
0.47249066 6.82662901
0.47482277 6.75443856
0.47715488 6.68510515
0.47948698 6.61892237
0.48181909 6.55608340
0.48415120 6.49667950
0.48648330 6.44070816
0.48881541 6.38808883
0.49114752 6.33868284
0.49347962 6.29231411
0.49581173 6.24878802
0.49814383 6.20790667
0.50047594 6.16948025
0.50280805 6.13333443
0.50514015 6.09931476
0.50747226 6.06728838
0.50980437 6.03714421
0.51213647 6.00879186
0.51446858 5.98215994
0.51680069 5.95719397
0.51913279 5.93385419
0.52146490 5.91211339
0.52379700 5.89195478
0.52612911 5.87337010
0.52846122 5.85635780
0.53079332 5.84092146
0.53312543 5.82706835
0.53545754 5.81480819
0.53778964 5.80415203
0.54012175 5.79511129
0.54245385 5.78769699
0.54478596 5.78191903
0.54711807 5.77778566
0.54945017 5.77530307
0.55178228 5.77447511

0.55178228 5.77447511
0.55413641 5.77379738
0.55649054 5.77176404
0.55884466 5.76837466
0.56119879 5.76362850
0.56355292 5.75752456
0.56590705 5.75006156
0.56826117 5.74123795
0.57061530 5.73105190
0.57296943 5.71950138
0.57532356 5.70658410
0.57767769 5.69229755
0.58003181 5.67663904
0.58238594 5.65960569
0.58474007 5.64119448
0.58709420 5.62140224
0.58944832 5.60022569
0.59180245 5.57766147
0.59415658 5.55370617
0.59651071 5.52835631
0.59886484 5.50160845
0.60121896 5.47345916
0.60357309 5.44390506
0.60592722 5.41294287
0.60828135 5.38056941
0.61063548 5.34678167
0.61298960 5.31157682
0.61534373 5.27495224
0.61769786 5.23690559
0.62005199 5.19743477
0.62240611 5.15653805
0.62476024 5.11421400
0.62711437 5.07046163
0.62946850 5.02528033
0.63182263 5.14443816
0.63417675 5.34012365
0.63653088 5.53579212
0.63888501 5.73114579
0.64123914 5.92588902
0.64359326 6.11972938
0.64594739 6.31237879
0.64830152 6.50355452
0.65065565 6.69298026
0.65300978 6.88038698
0.65536390 7.06551387
0.65771803 7.24810923
0.66007216 7.42793119
0.66242629 7.60474855

0.66242629 7.60474855
0.66477473 7.60544633
0.66712318 7.60753968
0.66947162 7.61102867
0.67182007 7.61591336
0.67416852 7.62219380
0.67651696 7.62986996
0.67886541 7.63894165
0.68121385 7.64940844
0.68356230 7.66126952
0.68591074 7.67452356
0.68825919 7.68916853
0.69060764 7.70520148
0.69295608 7.72261828
0.69530453 7.74141334
0.69765297 7.76157929
0.70000142 7.78310661
0.70234986 7.80598324
0.70469831 7.83019419
0.70704676 7.85572108
0.70939520 7.88254175
0.71174365 7.91062980
0.71409209 7.93995423
0.71644054 7.97047907
0.71878898 8.00216307
0.72113743 8.03495951
0.72348588 8.06881604
0.72583432 8.10367465
0.72818277 8.13947172
0.73053121 8.17613825
0.73287966 8.21360010
0.73522810 8.25177844
0.73757655 8.29059021
0.73992500 8.32994874
0.74227344 8.36976441
0.74462189 8.40994532
0.74697033 8.45039810
0.74931878 8.49102863
0.75166722 8.53174282
0.75401567 8.57244730
0.75636412 8.61305021
0.75871256 8.65346178
0.76106101 8.69359493
0.76340945 8.73336587
0.76575790 8.77269448
0.76810634 8.81150476
0.77045479 8.84972514
0.77280324 8.88728873
0.77515168 8.92413349
0.77750013 8.96020242
0.77984857 8.99544354
0.78219702 9.02980999
0.78454546 9.06325994
0.78689391 9.09575655
0.78924236 9.12726786
0.79159080 9.15776661
0.79393925 9.18723014
0.79628769 9.21564010
0.79863614 9.24298233
0.80098458 9.26924657
0.80333303 9.29442621
0.80568148 9.31851807
0.80802992 9.34152211
0.81037837 9.36344117
0.81272681 9.38428067
0.81507526 9.40404835
0.81742370 9.42275401
0.81977215 9.44040918
0.82212060 9.45702689
0.82446904 9.47262139
0.82681749 9.48720787
0.82916593 9.50080220
0.83151438 9.51342069
0.83386282 9.52507986
0.83621127 9.53579614
0.83855972 9.54558576
0.84090816 9.55446442
0.84325661 9.56244718
0.84560505 9.56954823
0.84795350 9.57578075
0.85030194 9.58115672
0.85265039 9.58568682
0.85499884 9.58938029
0.85734728 9.59224484
0.85969573 9.59428655
0.86204417 9.59550981
0.86439262 9.59591726

0.86439262 9.59591726
0.86672473 9.59481835
0.86905683 9.59152490
0.87138894 9.58604669
0.87372104 9.57840008
0.87605315 9.56860793
0.87838526 9.55669969
0.88071736 9.54271134
0.88304947 9.52668547
0.88538158 9.50867123
0.88771368 9.48872438
0.89004579 9.46690729
0.89237790 9.44328896
0.89471000 9.41794499
0.89704211 9.39095763
0.89937421 9.36241571
0.90170632 9.33241467
0.90403843 9.30105649
0.90637053 9.26844964
0.90870264 9.23470903
0.91103475 9.19995584
0.91336685 9.16431742
0.91569896 9.12792709
0.91803106 9.09092391
0.92036317 9.05345234
0.92269528 9.01566195
0.92502738 8.97770687
0.92735949 8.93974535
0.92969160 8.90193906
0.93202370 8.86445236
0.93435581 8.82745142
0.93668792 8.79110325
0.93902002 8.75557457
0.94135213 8.72103056
0.94368423 8.68763349
0.94601634 8.65554126
0.94834845 8.62490579
0.95068055 8.59587149
0.95301266 8.56857349
0.95534477 8.54313612
0.95767687 8.51967125
0.96000898 8.49827688
0.96234108 8.47903586
0.96467319 8.46201476
0.96700530 8.44726312
0.96933740 8.43481285
0.97166951 8.42467805
0.97400162 8.41685511
0.97633372 8.41132308
0.97866583 8.40804440
0.98099794 8.40696580

0.98099794 8.40696580
0.98333004 8.40801951
0.98566215 8.41112453
0.98799425 8.41618810
0.99032636 8.42310715
0.99265847 8.43176986
0.99499057 8.44205710
0.99732268 8.45384387
0.99965479 8.46700065
1.00198689 8.48139463
1.00431900 8.49689087
1.00665110 8.51335324
1.00898321 8.53064540
1.01131532 8.54863154
1.01364742 8.56717706
1.01597953 8.58614918
1.01831164 8.60541738
1.02064374 8.62485391
1.02297585 8.64433404
1.02530796 8.66373646
1.02764006 8.68294345
1.02997217 8.70184112
1.03230427 8.72031962
1.03463638 8.73827323
1.03696849 8.75560053
1.03930059 8.77220452
1.04163270 8.78799267
1.04396481 8.80287706
1.04629691 8.81677445
1.04862902 8.82960633
1.05096112 8.84129901
1.05329323 8.85178371
1.05562534 8.86099657
1.05795744 8.86887879
1.06028955 8.87537662
1.06262166 8.88044148
1.06495376 8.88402999
1.06728587 8.88610405
1.06961798 8.88663091
1.07195008 8.88558318
1.07428219 8.88293898
1.07661429 8.87868191
1.07894640 8.87280115
1.08127851 8.86529151
1.08361061 8.85615348
1.08594272 8.84539323
1.08827483 8.83302271
1.09060693 8.81905964
1.09293904 8.80352751
1.09527114 8.78645562
1.09760325 8.76787906
1.09993536 8.74783868
1.10226746 8.72638103
1.10459957 8.70355834
1.10693168 8.67942837
1.10926378 8.65405436
1.11159589 8.62750481
1.11392800 8.59985338
1.11626010 8.57117858
1.11859221 8.54156360
1.12092431 8.51109596
1.12325642 8.47986719
1.12558853 8.44797240
1.12792063 8.41550991
1.13025274 8.38258069
1.13258485 8.34928792
1.13491695 8.31573633
1.13724906 8.28203165
1.13958116 8.24827996
1.14191327 8.21458701
1.14424538 8.18105755
1.14657748 8.14779466
1.14890959 8.11489904
1.15124170 8.08246840
1.15357380 8.05059682
1.15590591 8.01937418
1.15823802 7.98888563
1.16057012 7.95921121
1.16290223 7.93042543
1.16523433 7.90259703
1.16756644 7.87578885
1.16989855 7.85005766
1.17223065 7.82545428
1.17456276 7.80202361
1.17689487 7.77980488
1.17922697 7.75883190
1.18155908 7.73913336
1.18389119 7.72073326
1.18622329 7.70365132
1.18855540 7.68790342
1.19088750 7.67350203
1.19321961 7.66045675
1.19555172 7.64877470
1.19788382 7.63846095
1.20021593 7.62951898
1.20254804 7.62195100
1.20488014 7.61575831
1.20721225 7.61094154
1.20954435 7.60750097
1.21187646 7.60543665
1.21420857 7.60474855

1.21420857 9.59591726
1.21656270 9.55783711
1.21891682 9.51851236
1.22127095 9.47795245
1.22362508 9.43616692
1.22597921 9.39316501
1.22833333 9.34895533
1.23068746 9.30354543
1.23304159 9.25694157
1.23539572 9.20914836
1.23774985 9.16016855
1.24010397 9.11000278
1.24245810 9.05864939
1.24481223 9.00610430
1.24716636 8.95236088
1.24952048 8.89740991
1.25187461 8.84123957
1.25422874 8.78383541
1.25658287 8.72518047
1.25893700 8.66525540
1.26129112 8.60403854
1.26364525 8.54150620
1.26599938 8.47763283
1.26835351 8.41239137
1.27070763 8.34575347
1.27306176 8.27768992
1.27541589 8.20817103
1.27777002 8.13716705
1.28012415 8.06464865
1.28247827 7.99058741
1.28483240 7.91495645
1.28718653 7.95926106
1.28954066 8.01163306
1.29189479 8.06027448
1.29424891 8.10520972
1.29660304 8.14647438
1.29895717 8.18411382
1.30131130 8.21818146
1.30366542 8.24873682
1.30601955 8.27584337
1.30837368 8.29956620
1.31072781 8.31996969
1.31308194 8.33711521
1.31543606 8.35105891
1.31779019 8.36184973
1.32014432 8.36952764
1.32249845 8.37412224
1.32485257 8.37565173

1.32485257 8.40696580
1.32720670 8.40691805
1.32956083 8.40677177
1.33191496 8.40651794
1.33426909 8.40614152
1.33662321 8.40562161
1.33897734 8.40493147
1.34133147 8.40403868
1.34368560 8.40290532
1.34603973 8.40148807
1.34839385 8.39973849
1.35074798 8.39760321
1.35310211 8.39502413
1.35545624 8.39193877
1.35781036 8.38828046
1.36016449 8.38397869
1.36251862 8.37895938
1.36487275 8.37314522
1.36722688 8.36645599
1.36958100 8.35880888
1.37193513 8.35011888
1.37428926 8.34029906
1.37664339 8.32926097
1.37899751 8.31691500
1.38135164 8.30317069
1.38370577 8.28793715
1.38605990 8.27112339
1.38841403 8.25263872
1.39076815 8.23239308
1.39312228 8.21029747
1.39547641 8.18626436
1.39783054 8.16020804
1.40018467 8.13204520
1.40253879 8.10169536
1.40489292 8.06908153
1.40724705 8.03413095
1.40960118 7.99677617
1.41195530 7.95695644
1.41430943 7.91461993
1.41666356 7.86972741
1.41901769 7.82225859
1.42137182 7.77222461
1.42372594 7.71969418
1.42608007 7.66485617
1.42843420 7.60819351
1.43078833 7.55107931
1.43314245 7.49846647
1.43549658 7.47141333



0.00000000 11.25746911
0.00234845 11.25671959
0.00469689 11.25447180
0.00704534 11.25072804
0.00939378 11.24549214
0.01174223 11.23876947
0.01409067 11.23056688
0.01643912 11.22089276
0.01878757 11.20975695
0.02113601 11.19717077
0.02348446 11.18314698
0.02583290 11.16769976
0.02818135 11.15084468
0.03052979 11.13259866
0.03287824 11.11297997
0.03522669 11.09200817
0.03757513 11.06970406
0.03992358 11.04608968
0.04227202 11.02118824
0.04462047 10.99502408
0.04696891 10.96762264
0.04931736 10.93901038
0.05166581 10.90921478
0.05401425 10.87826425
0.05636270 10.84618810
0.05871114 10.81301649
0.06105959 10.77878035
0.06340803 10.74351138
0.06575648 10.70724193
0.06810493 10.67000502
0.07045337 10.63183422
0.07280182 10.59276364
0.07515026 10.55282788
0.07749871 10.51206196
0.07984715 10.47050130
0.08219560 10.42818163
0.08454405 10.38513900
0.08689249 10.34140973
0.08924094 10.29703033
0.09158938 10.25203755
0.09393783 10.20646828
0.09628627 10.16035958
0.09863472 10.11374864
0.10098317 10.06667280
0.10333161 10.01916952
0.10568006 9.97127645
0.10802850 9.92303140
0.11037695 9.87447241
0.11272539 9.82563777
0.11507384 9.77656614
0.11742229 9.72729658
0.11977073 9.67786868
0.12211918 9.62832269
0.12446762 9.57869963
0.12681607 9.52904152
0.12916451 9.47939155
0.13151296 9.42979432
0.13386141 9.38029612
0.13620985 9.37575368
0.13855830 9.44257099
0.14090674 9.50674451
0.14325519 9.56827457
0.14560363 9.62716584
0.14795208 9.68342689
0.15030053 9.73706962
0.15264897 9.78810883
0.15499742 9.83656180
0.15734586 9.88244783
0.15969431 9.92578789
0.16204275 9.96660424
0.16439120 10.00492009
0.16673965 10.04075924
0.16908809 10.07414579
0.17143654 10.10510379
0.17378498 10.13365702
0.17613343 10.15982864
0.17848187 10.18364100
0.18083032 10.20511533
0.18317877 10.22427158
0.18552721 10.24112817
0.18787566 10.25570181
0.19022410 10.26800733
0.19257255 10.27805756
0.19492099 10.28586314
0.19726944 10.29143249
0.19961789 10.29477165
0.20196633 10.29588430

0.20196633 10.29588430
0.20429844 10.29425582
0.20663054 10.28937264
0.20896265 10.28124156
0.21129476 10.26987391
0.21362686 10.25528553
0.21595897 10.23749677
0.21829108 10.21653250
0.22062318 10.19242206
0.22295529 10.16519925
0.22528739 10.13490234
0.22761950 10.10157401
0.22995161 10.06526135
0.23228371 10.02601583
0.23461582 9.98389323
0.23694793 9.93895367
0.23928003 9.89126152
0.24161214 9.84088537
0.24394425 9.78789801
0.24627635 9.73237634
0.24860846 9.67440135
0.25094056 9.61405805
0.25327267 9.55143540
0.25560478 9.48662624
0.25793688 9.41972723
0.26026899 9.35083876
0.26260110 9.28006488
0.26493320 9.20751317
0.26726531 9.13329466
0.26959742 9.05752373
0.27192952 8.98031798
0.27426163 8.90179808
0.27659373 8.82208765
0.27892584 8.74131312
0.28125795 8.65960351
0.28359005 8.57709032
0.28592216 8.49390728
0.28825427 8.41019015
0.29058637 8.32607654
0.29291848 8.24170560
0.29525058 8.15721782
0.29758269 8.07275476
0.29991480 7.98845881
0.30224690 7.90447296
0.30457901 7.82094077
0.30691112 7.73800652
0.30924322 7.65581643
0.31157533 7.58325571
0.31390744 7.54688636
0.31623954 7.50960675
0.31857165 7.47141333

0.31857165 7.47141333
0.32090375 7.51023056
0.32323586 7.54937600
0.32556797 7.58884511
0.32790007 7.62863401
0.33023218 7.66873948
0.33256429 7.70915889
0.33489639 7.74989011
0.33722850 7.79093149
0.33956060 7.83228175
0.34189271 7.87393992
0.34422482 7.91590531
0.34655692 7.95949402
0.34888903 8.00625620
0.35122114 8.05171289
0.35355324 8.09574393
0.35588535 8.13823045
0.35821746 8.17905514
0.36054956 8.21822432
0.36288167 8.26262779
0.36521377 8.30733129
0.36754588 8.35233260
0.36987799 8.39762897
0.37221009 8.44321703
0.37454220 8.48909278
0.37687431 8.53525148
0.37920641 8.58168762
0.38153852 8.62839487
0.38387062 8.67536602
0.38620273 8.72259294
0.38853484 8.77006655
0.39086694 8.81777678
0.39319905 8.86571251
0.39553116 8.91386159
0.39786326 8.96221079
0.40019537 9.01074578
0.40252748 9.05945113
0.40485958 9.10831029
0.40719169 9.15730559
0.40952379 9.20641822
0.41185590 9.25562828
0.41418801 9.30491474
0.41652011 9.35425548
0.41885222 9.40362730
0.42118433 9.45300596
0.42351643 9.50236616
0.42584854 9.55168160
0.42818064 9.60092504
0.43051275 9.65006828
0.43284486 9.69908223
0.43517696 9.74793695
0.43750907 9.79660169
0.43984118 9.84504497
0.44217328 9.89323457
0.44450539 9.94113763
0.44683750 9.98872070
0.44916960 10.03594979
0.45150171 10.08279042
0.45383381 10.12920771
0.45616592 10.17516639
0.45849803 10.22063092
0.46083013 10.26556553
0.46316224 10.30993428
0.46549435 10.35370111
0.46782645 10.39682995
0.47015856 10.43928474
0.47249066 10.48102954
0.47482277 10.52202852
0.47715488 10.56224614
0.47948698 10.60164709
0.48181909 10.64019644
0.48415120 10.67785968
0.48648330 10.71460276
0.48881541 10.75039217
0.49114752 10.78519502
0.49347962 10.81897903
0.49581173 10.85171267
0.49814383 10.88336517
0.50047594 10.91390658
0.50280805 10.94330781
0.50514015 10.97154070
0.50747226 10.99857809
0.50980437 11.02439379
0.51213647 11.04896272
0.51446858 11.07226087
0.51680069 11.09426542
0.51913279 11.11495470
0.52146490 11.13430827
0.52379700 11.15230696
0.52612911 11.16893288
0.52846122 11.18416947
0.53079332 11.19800151
0.53312543 11.21041514
0.53545754 11.22139793
0.53778964 11.23093882
0.54012175 11.23902823
0.54245385 11.24565800
0.54478596 11.25082144
0.54711807 11.25451335
0.54945017 11.25672998
0.55178228 11.25746911

0.55178228 11.25746911
0.55413641 11.25643509
0.55649054 11.25332638
0.55884466 11.24812308
0.56119879 11.24079224
0.56355292 11.23128821
0.56590705 11.21955304
0.56826117 11.20551711
0.57061530 11.18909980
0.57296943 11.17021024
0.57532356 11.14874824
0.57767769 11.12460525
0.58003181 11.09766539
0.58238594 11.06780657
0.58474007 11.03490163
0.58709420 10.99881958
0.58944832 10.95942677
0.59180245 10.91658819
0.59415658 10.87016868
0.59651071 10.82003419
0.59886484 10.76605302
0.60121896 10.70809700
0.60357309 10.64604271
0.60592722 10.57977256
0.60828135 10.50917592
0.61063548 10.43415017
0.61298960 10.35460161
0.61534373 10.27044644
0.61769786 10.18161161
0.62005199 10.08803555
0.62240611 9.98966892
0.62476024 9.88647525
0.62711437 9.77843147
0.62946850 9.66552841
0.63182263 9.54777123
0.63417675 9.42517973
0.63653088 9.29778860
0.63888501 9.16564764
0.64123914 9.02882183
0.64359326 8.88739141
0.64594739 8.74145181
0.64830152 8.59111356
0.65065565 8.43650212
0.65300978 8.27775766
0.65536390 8.11503474
0.65771803 7.94850193
0.66007216 7.77834143
0.66242629 7.60474855

0.66242629 7.60474855
0.66477473 7.60544633
0.66712318 7.60753968
0.66947162 7.61102867
0.67182007 7.61591336
0.67416852 7.62219380
0.67651696 7.62986996
0.67886541 7.63894165
0.68121385 7.64940844
0.68356230 7.66126952
0.68591074 7.67452356
0.68825919 7.68916853
0.69060764 7.70520148
0.69295608 7.72261828
0.69530453 7.74141334
0.69765297 7.76157929
0.70000142 7.78310661
0.70234986 7.80598324
0.70469831 7.83019419
0.70704676 7.85572108
0.70939520 7.88254175
0.71174365 7.91062980
0.71409209 7.93995423
0.71644054 7.97047907
0.71878898 8.00216307
0.72113743 8.03495951
0.72348588 8.06881604
0.72583432 8.10367465
0.72818277 8.13947172
0.73053121 8.17613825
0.73287966 8.21360010
0.73522810 8.25177844
0.73757655 8.29059021
0.73992500 8.32994874
0.74227344 8.36976441
0.74462189 8.40994532
0.74697033 8.45039810
0.74931878 8.49102863
0.75166722 8.53174282
0.75401567 8.57244730
0.75636412 8.61305021
0.75871256 8.65346178
0.76106101 8.69359493
0.76340945 8.73336587
0.76575790 8.77269448
0.76810634 8.81150476
0.77045479 8.84972514
0.77280324 8.88728873
0.77515168 8.92413349
0.77750013 8.96020242
0.77984857 8.99544354
0.78219702 9.02980999
0.78454546 9.06325994
0.78689391 9.09575655
0.78924236 9.12726786
0.79159080 9.15776661
0.79393925 9.18723014
0.79628769 9.21564010
0.79863614 9.24298233
0.80098458 9.26924657
0.80333303 9.29442621
0.80568148 9.31851807
0.80802992 9.34152211
0.81037837 9.36344117
0.81272681 9.38428067
0.81507526 9.40404835
0.81742370 9.42275401
0.81977215 9.44040918
0.82212060 9.45702689
0.82446904 9.47262139
0.82681749 9.48720787
0.82916593 9.50080220
0.83151438 9.51342069
0.83386282 9.52507986
0.83621127 9.53579614
0.83855972 9.54558576
0.84090816 9.55446442
0.84325661 9.56244718
0.84560505 9.56954823
0.84795350 9.57578075
0.85030194 9.58115672
0.85265039 9.58568682
0.85499884 9.58938029
0.85734728 9.59224484
0.85969573 9.59428655
0.86204417 9.59550981
0.86439262 9.59591726

0.86439262 9.59591726
0.86672473 9.59481835
0.86905683 9.59152490
0.87138894 9.58604669
0.87372104 9.57840008
0.87605315 9.56860793
0.87838526 9.55669969
0.88071736 9.54271134
0.88304947 9.52668547
0.88538158 9.50867123
0.88771368 9.48872438
0.89004579 9.46690729
0.89237790 9.44328896
0.89471000 9.41794499
0.89704211 9.39095763
0.89937421 9.36241571
0.90170632 9.33241467
0.90403843 9.30105649
0.90637053 9.26844964
0.90870264 9.23470903
0.91103475 9.19995584
0.91336685 9.16431742
0.91569896 9.12792709
0.91803106 9.09092391
0.92036317 9.05345234
0.92269528 9.01566195
0.92502738 8.97770687
0.92735949 8.93974535
0.92969160 8.90193906
0.93202370 8.86445236
0.93435581 8.82745142
0.93668792 8.79110325
0.93902002 8.75557457
0.94135213 8.72103056
0.94368423 8.68763349
0.94601634 8.65554126
0.94834845 8.62490579
0.95068055 8.59587149
0.95301266 8.56857349
0.95534477 8.54313612
0.95767687 8.51967125
0.96000898 8.49827688
0.96234108 8.47903586
0.96467319 8.46201476
0.96700530 8.44726312
0.96933740 8.43481285
0.97166951 8.42467805
0.97400162 8.41685511
0.97633372 8.41132308
0.97866583 8.40804440
0.98099794 8.40696580

0.98099794 8.40696580
0.98333004 8.40801951
0.98566215 8.41112453
0.98799425 8.41618810
0.99032636 8.42310715
0.99265847 8.43176986
0.99499057 8.44205710
0.99732268 8.45384387
0.99965479 8.46700065
1.00198689 8.48139463
1.00431900 8.49689087
1.00665110 8.51335324
1.00898321 8.53064540
1.01131532 8.54863154
1.01364742 8.56717706
1.01597953 8.58614918
1.01831164 8.60541738
1.02064374 8.62485391
1.02297585 8.64433404
1.02530796 8.66373646
1.02764006 8.68294345
1.02997217 8.70184112
1.03230427 8.72031962
1.03463638 8.73827323
1.03696849 8.75560053
1.03930059 8.77220452
1.04163270 8.78799267
1.04396481 8.80287706
1.04629691 8.81677445
1.04862902 8.82960633
1.05096112 8.84129901
1.05329323 8.85178371
1.05562534 8.86099657
1.05795744 8.86887879
1.06028955 8.87537662
1.06262166 8.88044148
1.06495376 8.88402999
1.06728587 8.88610405
1.06961798 8.88663091
1.07195008 8.88558318
1.07428219 8.88293898
1.07661429 8.87868191
1.07894640 8.87280115
1.08127851 8.86529151
1.08361061 8.85615348
1.08594272 8.84539323
1.08827483 8.83302271
1.09060693 8.81905964
1.09293904 8.80352751
1.09527114 8.78645562
1.09760325 8.76787906
1.09993536 8.74783868
1.10226746 8.72638103
1.10459957 8.70355834
1.10693168 8.67942837
1.10926378 8.65405436
1.11159589 8.62750481
1.11392800 8.59985338
1.11626010 8.57117858
1.11859221 8.54156360
1.12092431 8.51109596
1.12325642 8.47986719
1.12558853 8.44797240
1.12792063 8.41550991
1.13025274 8.38258069
1.13258485 8.34928792
1.13491695 8.31573633
1.13724906 8.28203165
1.13958116 8.24827996
1.14191327 8.21458701
1.14424538 8.18105755
1.14657748 8.14779466
1.14890959 8.11489904
1.15124170 8.08246840
1.15357380 8.05059682
1.15590591 8.01937418
1.15823802 7.98888563
1.16057012 7.95921121
1.16290223 7.93042543
1.16523433 7.90259703
1.16756644 7.87578885
1.16989855 7.85005766
1.17223065 7.82545428
1.17456276 7.80202361
1.17689487 7.77980488
1.17922697 7.75883190
1.18155908 7.73913336
1.18389119 7.72073326
1.18622329 7.70365132
1.18855540 7.68790342
1.19088750 7.67350203
1.19321961 7.66045675
1.19555172 7.64877470
1.19788382 7.63846095
1.20021593 7.62951898
1.20254804 7.62195100
1.20488014 7.61575831
1.20721225 7.61094154
1.20954435 7.60750097
1.21187646 7.60543665
1.21420857 7.60474855

1.21420857 9.59591726
1.21656270 9.63274389
1.21891682 9.66830898
1.22127095 9.70260586
1.22362508 9.73562964
1.22597921 9.76737759
1.22833333 9.79784955
1.23068746 9.82704832
1.23304159 9.85498004
1.23539572 9.88165446
1.23774985 9.90708527
1.24010397 9.93129030
1.24245810 9.95429172
1.24481223 9.97611615
1.24716636 9.99679471
1.24952048 10.01636295
1.25187461 10.03486076
1.25422874 10.05233210
1.25658287 10.06882470
1.25893700 10.08438958
1.26129112 10.09908055
1.26364525 10.11295345
1.26599938 10.12606542
1.26835351 10.13847397
1.27070763 10.15023597
1.27306176 10.16140662
1.27541589 10.17203824
1.27777002 10.18217919
1.28012415 10.19187269
1.28247827 10.20115574
1.28483240 10.21005822
1.28718653 10.21860204
1.28954066 10.22680062
1.29189479 10.23465853
1.29424891 10.24217158
1.29660304 10.24932703
1.29895717 10.25610433
1.30131130 10.26247603
1.30366542 10.26840905
1.30601955 10.27386616
1.30837368 10.27880760
1.31072781 10.28319285
1.31308194 10.28698240
1.31543606 10.29013946
1.31779019 10.29263151
1.32014432 10.29443173
1.32249845 10.29552011
1.32485257 10.29588430

1.32485257 8.40696580
1.32720670 8.40691805
1.32956083 8.40677177
1.33191496 8.40651794
1.33426909 8.40614152
1.33662321 8.40562161
1.33897734 8.40493147
1.34133147 8.40403868
1.34368560 8.40290532
1.34603973 8.40148807
1.34839385 8.39973849
1.35074798 8.39760321
1.35310211 8.39502413
1.35545624 8.39193877
1.35781036 8.38828046
1.36016449 8.38397869
1.36251862 8.37895938
1.36487275 8.37314522
1.36722688 8.36645599
1.36958100 8.35880888
1.37193513 8.35011888
1.37428926 8.34029906
1.37664339 8.32926097
1.37899751 8.31691500
1.38135164 8.30317069
1.38370577 8.28793715
1.38605990 8.27112339
1.38841403 8.25263872
1.39076815 8.23239308
1.39312228 8.21029747
1.39547641 8.18626436
1.39783054 8.16020804
1.40018467 8.13204520
1.40253879 8.10169536
1.40489292 8.06908153
1.40724705 8.03413095
1.40960118 7.99677617
1.41195530 7.95695644
1.41430943 7.91461993
1.41666356 7.86972741
1.41901769 7.82225859
1.42137182 7.77222461
1.42372594 7.71969418
1.42608007 7.66485617
1.42843420 7.60819351
1.43078833 7.55107931
1.43314245 7.49846647
1.43549658 7.47141333



